[-247.64485681549198, -178.08260496575178, 8.5]
[-247.64485681549198, -178.08260496575178, 8.5]
[-246.7827773942539, -177.02514561724436, 8.5]
[-245.92069797301582, -175.96768626873694, 8.5]
[-245.92069797301582, -175.96768626873694, 8.5]
[-245.92069797301582, -175.96768626873694, 8.5]
[-245.0573313179154, -175.26409670270243, 8.5]
[-244.193964662815, -174.56050713666795, 8.5]
[-244.193964662815, -174.56050713666795, 8.5]
[-244.193964662815, -174.56050713666795, 8.5]
[-243.33113076760975, -174.00354605195975, 8.5]
[-242.46829687240452, -173.4465849672515, 8.5]
[-242.46829687240452, -173.4465849672515, 8.5]
[-242.46829687240452, -173.4465849672515, 8.5]
[-241.6058283210292, -172.9549782578611, 8.5]
[-240.7433597696539, -172.46337154847066, 8.5]
[-240.7433597696539, -172.46337154847066, 8.5]
[-240.7433597696539, -172.46337154847066, 8.5]
[-239.88031957159365, -172.0148961346495, 8.5]
[-239.01727937353343, -171.56642072082832, 8.5]
[-239.01727937353343, -171.56642072082832, 8.5]
[-239.01727937353343, -171.56642072082832, 8.5]
[-238.15448760933162, -171.16849749881158, 8.5]
[-237.29169584512982, -170.7705742767948, 8.5]
[-237.29169584512982, -170.7705742767948, 8.5]
[-237.29169584512982, -170.7705742767948, 8.5]
[-236.43005064673082, -170.43983200214495, 8.5]
[-235.5684054483318, -170.10908972749513, 8.5]
[-235.5684054483318, -170.10908972749513, 8.5]
[-235.5684054483318, -170.10908972749513, 8.5]
[-234.70539780828864, -169.84660276974338, 8.5]
[-233.84239016824546, -169.58411581199164, 8.5]
[-233.84239016824546, -169.58411581199164, 8.5]
[-233.84239016824546, -169.58411581199164, 8.5]
[-232.97849194968757, -169.38371952597015, 8.5]
[-232.11459373112964, -169.18332323994866, 8.5]
[-232.11459373112964, -169.18332323994866, 8.5]
[-232.11459373112964, -169.18332323994866, 8.5]
[-231.25366661259488, -169.0461390100183, 8.5]
[-230.39273949406015, -168.90895478008795, 8.5]
[-230.39273949406015, -168.90895478008795, 8.5]
[-230.39273949406015, -168.90895478008795, 8.5]
[-229.52967184083786, -168.85620909546566, 8.5]
[-228.6666041876156, -168.80346341084334, 8.5]
[-228.6666041876156, -168.80346341084334, 8.5]
[-228.6666041876156, -168.80346341084334, 8.5]
[-227.80496016285184, -168.73264590975282, 8.5]
[-226.9433161380881, -168.66182840866233, 8.5]
[-226.9433161380881, -168.66182840866233, 8.5]
[-226.9433161380881, -168.66182840866233, 8.5]
[-226.080150828059, -168.44724232358772, 8.5]
[-225.21698551802993, -168.23265623851307, 8.5]
[-225.21698551802993, -168.23265623851307, 8.5]
[-225.21698551802993, -168.23265623851307, 8.5]
[-224.35267892792382, -168.15867086096029, 8.5]
[-223.48837233781768, -168.0846854834075, 8.5]
[-223.48837233781768, -168.0846854834075, 8.5]
[-223.48837233781768, -168.0846854834075, 8.5]
[-222.6260836553883, -168.23381834503385, 8.5]
[-221.76379497295892, -168.38295120666018, 8.5]
[-221.76379497295892, -168.38295120666018, 8.5]
[-221.76379497295892, -168.38295120666018, 8.5]
[-220.89950485941884, -168.46541316607812, 8.5]
[-220.03521474587876, -168.5478751254961, 8.5]
[-220.03521474587876, -168.5478751254961, 8.5]
[-220.03521474587876, -168.5478751254961, 8.5]
[-219.17606427580472, -168.55881342137621, 8.5]
[-218.3169138057307, -168.5697517172563, 8.5]
[-218.3169138057307, -168.5697517172563, 8.5]
[-218.3169138057307, -168.5697517172563, 8.5]
[-217.4535519214099, -168.61185968321223, 8.5]
[-216.59019003708912, -168.65396764916818, 8.5]
[-216.59019003708912, -168.65396764916818, 8.5]
[-216.59019003708912, -168.65396764916818, 8.5]
[-215.73005805598638, -168.6160954131414, 8.5]
[-214.8699260748836, -168.5782231771146, 8.5]
[-214.8699260748836, -168.5782231771146, 8.5]
[-214.8699260748836, -168.5782231771146, 8.5]
[-214.00947802897338, -168.45451460248182, 8.5]
[-213.14902998306314, -168.330806027849, 8.5]
[-213.14902998306314, -168.330806027849, 8.5]
[-213.14902998306314, -168.330806027849, 8.5]
[-212.2828222357429, -168.2908734137405, 8.5]
[-211.41661448842268, -168.25094079963202, 8.5]
[-211.41661448842268, -168.25094079963202, 8.5]
[-211.41661448842268, -168.25094079963202, 8.5]
[-210.5551051446394, -168.27472768045305, 8.5]
[-209.69359580085614, -168.29851456127406, 8.5]
[-209.69359580085614, -168.29851456127406, 8.5]
[-209.69359580085614, -168.29851456127406, 8.5]
[-208.8317801153694, -168.4231790108934, 8.5]
[-207.96996442988268, -168.54784346051272, 8.5]
[-207.96996442988268, -168.54784346051272, 8.5]
[-207.96996442988268, -168.54784346051272, 8.5]
[-207.10437140609966, -168.61666341904925, 8.5]
[-206.23877838231664, -168.68548337758574, 8.5]
[-206.23877838231664, -168.68548337758574, 8.5]
[-206.23877838231664, -168.68548337758574, 8.5]
[-205.37692896535677, -168.63092702168015, 8.5]
[-204.5150795483969, -168.57637066577456, 8.5]
[-204.5150795483969, -168.57637066577456, 8.5]
[-204.5150795483969, -168.57637066577456, 8.5]
[-203.6523939629747, -168.4911172565536, 8.5]
[-202.78970837755253, -168.40586384733265, 8.5]
[-202.78970837755253, -168.40586384733265, 8.5]
[-202.78970837755253, -168.40586384733265, 8.5]
[-201.92794066124142, -168.07880210270142, 8.5]
[-201.06617294493032, -167.75174035807018, 8.5]
[-201.06617294493032, -167.75174035807018, 8.5]
[-201.06617294493032, -167.75174035807018, 8.5]
[-200.26404437823305, -167.42646241513745, 8.5]
[-199.46191581153582, -167.10118447220472, 8.5]
[-199.46191581153582, -167.10118447220472, 8.5]
[-199.46191581153582, -167.10118447220472, 8.5]
[-198.538063948917, -167.00403213571735, 8.5]
[-197.61421208629815, -166.90687979922998, 8.5]
[-197.61421208629815, -166.90687979922998, 8.5]
[-197.61421208629815, -166.90687979922998, 8.5]
[-196.75001375199446, -167.13906789566573, 8.5]
[-195.88581541769076, -167.3712559921015, 8.5]
[-195.88581541769076, -167.3712559921015, 8.5]
[-195.88581541769076, -167.3712559921015, 8.5]
[-195.02379655667076, -167.040093803152, 8.5]
[-194.16177769565076, -166.70893161420244, 8.5]
[-194.16177769565076, -166.70893161420244, 8.5]
[-194.16177769565076, -166.70893161420244, 8.5]
[-193.29932047440212, -166.43444952701412, 8.5]
[-192.4368632531535, -166.15996743982583, 8.5]
[-192.4368632531535, -166.15996743982583, 8.5]
[-192.4368632531535, -166.15996743982583, 8.5]
[-191.57372985874434, -165.94421638025062, 8.5]
[-190.7105964643352, -165.7284653206754, 8.5]
[-190.7105964643352, -165.7284653206754, 8.5]
[-190.7105964643352, -165.7284653206754, 8.5]
[-189.77563672743892, -165.66310369155622, 8.5]
[-188.84067699054265, -165.59774206243702, 8.5]
[-188.84067699054265, -165.59774206243702, 8.5]
[-188.84067699054265, -165.59774206243702, 8.5]
[-188.05256072934026, -165.51014359472842, 8.5]
[-187.2644444681379, -165.42254512701982, 8.5]
[-187.2644444681379, -165.42254512701982, 8.5]
[-187.2644444681379, -165.42254512701982, 8.5]
[-186.40077424604885, -165.23989924500583, 8.5]
[-185.53710402395978, -165.05725336299184, 8.5]
[-185.53710402395978, -165.05725336299184, 8.5]
[-185.53710402395978, -165.05725336299184, 8.5]
[-184.6733101977974, -164.8359547194246, 8.5]
[-183.80951637163503, -164.61465607585734, 8.5]
[-183.80951637163503, -164.61465607585734, 8.5]
[-183.80951637163503, -164.61465607585734, 8.5]
[-182.95004134872588, -164.3684621966325, 8.5]
[-182.09056632581672, -164.12226831740765, 8.5]
[-182.09056632581672, -164.12226831740765, 8.5]
[-182.09056632581672, -164.12226831740765, 8.5]
[-181.2247211909742, -163.85355101304683, 8.5]
[-180.3588760561317, -163.584833708686, 8.5]
[-180.3588760561317, -163.584833708686, 8.5]
[-180.3588760561317, -163.584833708686, 8.5]
[-179.49812773703044, -163.30014030628053, 8.5]
[-178.6373794179292, -163.01544690387504, 8.5]
[-178.6373794179292, -163.01544690387504, 8.5]
[-178.6373794179292, -163.01544690387504, 8.5]
[-177.77522985793942, -162.71445988637876, 8.5]
[-176.91308029794965, -162.41347286888248, 8.5]
[-176.91308029794965, -162.41347286888248, 8.5]
[-176.91308029794965, -162.41347286888248, 8.5]
[-176.04899408332273, -162.09666397346604, 8.5]
[-175.18490786869583, -161.77985507804962, 8.5]
[-175.18490786869583, -161.77985507804962, 8.5]
[-175.18490786869583, -161.77985507804962, 8.5]
[-174.32204486033697, -161.46396382964986, 8.5]
[-173.45918185197814, -161.14807258125012, 8.5]
[-173.45918185197814, -161.14807258125012, 8.5]
[-173.45918185197814, -161.14807258125012, 8.5]
[-172.5944765972679, -160.88109189105478, 8.5]
[-171.72977134255768, -160.61411120085947, 8.5]
[-171.72977134255768, -160.61411120085947, 8.5]
[-171.72977134255768, -160.61411120085947, 8.5]
[-170.87027022409515, -160.40862126671823, 8.5]
[-170.01076910563262, -160.20313133257696, 8.5]
[-170.01076910563262, -160.20313133257696, 8.5]
[-170.01076910563262, -160.20313133257696, 8.5]
[-169.14538814658556, -160.0697025202211, 8.5]
[-168.2800071875385, -159.93627370786527, 8.5]
[-168.2800071875385, -159.93627370786527, 8.5]
[-168.2800071875385, -159.93627370786527, 8.5]
[-167.41998625962123, -159.88869619641187, 8.5]
[-166.55996533170395, -159.84111868495847, 8.5]
[-166.55996533170395, -159.84111868495847, 8.5]
[-166.55996533170395, -159.84111868495847, 8.5]
[-165.69761785434412, -159.7961881974934, 8.5]
[-164.83527037698428, -159.7512577100283, 8.5]
[-164.83527037698428, -159.7512577100283, 8.5]
[-164.83527037698428, -159.7512577100283, 8.5]
[-163.54813723795772, -159.6216051541167, 8.5]
[-162.26100409893115, -159.49195259820513, 8.5]
[-162.26100409893115, -159.49195259820513, 8.5]
[-162.26100409893115, -159.49195259820513, 8.5]
[-161.8220851636044, -159.41175779663064, 8.5]
[-161.38316622827767, -159.33156299505617, 8.5]
[-161.38316622827767, -159.33156299505617, 8.5]
[-161.38316622827767, -159.33156299505617, 8.5]
[-160.9456311765726, -159.3349591668558, 8.5]
[-160.50809612486748, -159.33835533865542, 8.5]
[-160.50809612486748, -159.33835533865542, 8.5]
[-160.50809612486748, -159.33835533865542, 8.5]
[-159.21845219228874, -159.08619274477547, 8.5]
[-157.92880825971002, -158.8340301508955, 8.5]
[-157.92880825971002, -158.8340301508955, 8.5]
[-157.92880825971002, -158.8340301508955, 8.5]
[-157.0683737168149, -159.29618133072444, 8.5]
[-156.20793917391978, -159.75833251055337, 8.5]
[-156.20793917391978, -159.75833251055337, 8.5]
[-156.20793917391978, -159.75833251055337, 8.5]
[-155.34596235047474, -160.36547828725165, 8.5]
[-154.4839855270297, -160.97262406394992, 8.5]
[-154.4839855270297, -160.97262406394992, 8.5]
[-154.4839855270297, -160.97262406394992, 8.5]
[-153.61957389292274, -161.59312469847492, 8.5]
[-152.7551622588158, -162.21362533299992, 8.5]
[-152.7551622588158, -162.21362533299992, 8.5]
[-152.7551622588158, -162.21362533299992, 8.5]
[-151.89261268494357, -162.84104611982156, 8.5]
[-151.03006311107134, -163.46846690664316, 8.5]
[-151.03006311107134, -163.46846690664316, 8.5]
[-151.03006311107134, -163.46846690664316, 8.5]
[-150.16880452894654, -163.79497834836508, 8.5]
[-149.30754594682173, -164.12148979008703, 8.5]
[-149.30754594682173, -164.12148979008703, 8.5]
[-149.30754594682173, -164.12148979008703, 8.5]
[-148.44196428752977, -164.42794005645732, 8.5]
[-147.5763826282378, -164.7343903228276, 8.5]
[-147.5763826282378, -164.7343903228276, 8.5]
[-147.5763826282378, -164.7343903228276, 8.5]
[-146.71525120358868, -165.1020198412005, 8.5]
[-145.85411977893955, -165.4696493595734, 8.5]
[-145.85411977893955, -165.4696493595734, 8.5]
[-145.85411977893955, -165.4696493595734, 8.5]
[-144.99344990242312, -166.10203203278394, 8.5]
[-144.1327800259067, -166.73441470599448, 8.5]
[-144.1327800259067, -166.73441470599448, 8.5]
[-144.1327800259067, -166.73441470599448, 8.5]
[-143.26859514695042, -167.60946985184603, 8.5]
[-142.40441026799414, -168.4845249976976, 8.5]
[-142.40441026799414, -168.4845249976976, 8.5]
[-142.40441026799414, -168.4845249976976, 8.5]
[-141.54289124713037, -169.42600022870664, 8.5]
[-140.6813722262666, -170.36747545971565, 8.5]
[-140.6813722262666, -170.36747545971565, 8.5]
[-140.6813722262666, -170.36747545971565, 8.5]
[-139.81905215987888, -171.6364717978134, 8.5]
[-138.95673209349113, -172.90546813591118, 8.5]
[-138.95673209349113, -172.90546813591118, 8.5]
[-138.95673209349113, -172.90546813591118, 8.5]
[-138.09336997119811, -173.55523032530547, 8.5]
[-137.23000784890513, -174.20499251469977, 8.5]
[-137.23000784890513, -174.20499251469977, 8.5]
[-137.23000784890513, -174.20499251469977, 8.5]
[-135.9408682052365, -175.37923212797364, 8.5]
[-134.6517285615679, -176.5534717412475, 8.5]
[-134.6517285615679, -176.5534717412475, 8.5]
[-134.6517285615679, -176.5534717412475, 8.5]
[-134.04410913310005, -177.29722580892945, 8.5]
[-133.43648970463224, -178.04097987661143, 8.5]
[-133.43648970463224, -178.04097987661143, 8.5]
[-133.43648970463224, -178.04097987661143, 8.5]
[-132.74439578781488, -179.08598899958378, 8.5]
[-132.05230187099755, -180.1309981225561, 8.5]
[-132.05230187099755, -180.1309981225561, 8.5]
[-132.05230187099755, -180.1309981225561, 8.5]
[-131.18928300809515, -181.8722413679782, 8.5]
[-130.32626414519274, -183.61348461340032, 8.5]
[-130.32626414519274, -183.61348461340032, 8.5]
[-130.32626414519274, -183.61348461340032, 8.5]
[-129.46547981630601, -185.81279124608022, 8.5]
[-128.60469548741932, -188.0120978787601, 8.5]
[-128.60469548741932, -188.0120978787601, 8.5]
[-128.60469548741932, -188.0120978787601, 8.5]
[-127.73899263791102, -189.8047475827372, 8.5]
[-126.87328978840273, -191.59739728671428, 8.5]
[-126.87328978840273, -191.59739728671428, 8.5]
[-126.87328978840273, -191.59739728671428, 8.5]
[-126.01478509468907, -192.34991316910643, 8.5]
[-125.15628040097543, -193.10242905149858, 8.5]
[-125.15628040097543, -193.10242905149858, 8.5]
[-125.15628040097543, -193.10242905149858, 8.5]
[-124.29253443389103, -194.9154074870682, 8.5]
[-123.42878846680665, -196.72838592263778, 8.5]
[-123.42878846680665, -196.72838592263778, 8.5]
[-123.42878846680665, -196.72838592263778, 8.5]
[-122.5674564673256, -197.54839785000354, 8.5]
[-121.70612446784455, -198.36840977736932, 8.5]
[-121.70612446784455, -198.36840977736932, 8.5]
[-121.70612446784455, -198.36840977736932, 8.5]
[-120.84158969198648, -198.55592376925225, 8.5]
[-119.97705491612842, -198.74343776113517, 8.5]
[-119.97705491612842, -198.74343776113517, 8.5]
[-119.97705491612842, -198.74343776113517, 8.5]
[-119.11390290072433, -198.5102912275744, 8.5]
[-118.25075088532023, -198.27714469401366, 8.5]
[-118.25075088532023, -198.27714469401366, 8.5]
[-118.25075088532023, -198.27714469401366, 8.5]
[-117.38902435508676, -197.7640458111453, 8.5]
[-116.52729782485329, -197.250946928277, 8.5]
[-116.52729782485329, -197.250946928277, 8.5]
[-116.52729782485329, -197.250946928277, 8.5]
[-115.66408682499585, -196.61579291101611, 8.5]
[-114.8008758251384, -195.98063889375527, 8.5]
[-114.8008758251384, -195.98063889375527, 8.5]
[-114.8008758251384, -195.98063889375527, 8.5]
[-113.93866536452151, -195.24039652142724, 8.5]
[-113.07645490390462, -194.50015414909922, 8.5]
[-113.07645490390462, -194.50015414909922, 8.5]
[-113.07645490390462, -194.50015414909922, 8.5]
[-112.2150483126369, -194.09631438968538, 8.5]
[-111.35364172136919, -193.69247463027153, 8.5]
[-111.35364172136919, -193.69247463027153, 8.5]
[-111.35364172136919, -193.69247463027153, 8.5]
[-110.49187028905442, -193.42214648685916, 8.5]
[-109.63009885673966, -193.15181834344682, 8.5]
[-109.63009885673966, -193.15181834344682, 8.5]
[-109.63009885673966, -193.15181834344682, 8.5]
[-108.76499566547395, -192.94267581093158, 8.5]
[-107.89989247420822, -192.73353327841636, 8.5]
[-107.89989247420822, -192.73353327841636, 8.5]
[-107.89989247420822, -192.73353327841636, 8.5]
[-107.03660578678344, -192.52620208392833, 8.5]
[-106.17331909935868, -192.3188708894403, 8.5]
[-106.17331909935868, -192.3188708894403, 8.5]
[-106.17331909935868, -192.3188708894403, 8.5]
[-105.30967956884663, -191.87777616848265, 8.5]
[-104.44604003833459, -191.43668144752502, 8.5]
[-104.44604003833459, -191.43668144752502, 8.5]
[-104.44604003833459, -191.43668144752502, 8.5]
[-103.72266700078292, -190.77720956170867, 8.5]
[-102.99929396323125, -190.11773767589233, 8.5]
[-102.99929396323125, -190.11773767589233, 8.5]
[-102.99929396323125, -190.11773767589233, 8.5]
[-102.00112576771944, -190.1587119635767, 8.5]
[-101.00295757220763, -190.19968625126106, 8.5]
[-101.00295757220763, -190.19968625126106, 8.5]
[-101.00295757220763, -190.19968625126106, 8.5]
[-100.1382589690668, -190.8403722960632, 8.5]
[-99.27356036592596, -191.48105834086533, 8.5]
[-99.27356036592596, -191.48105834086533, 8.5]
[-99.27356036592596, -191.48105834086533, 8.5]
[-98.41098000877055, -191.64303591269282, 8.5]
[-97.54839965161514, -191.80501348452032, 8.5]
[-97.54839965161514, -191.80501348452032, 8.5]
[-97.54839965161514, -191.80501348452032, 8.5]
[-96.68630086779783, -191.9498834893405, 8.5]
[-95.8242020839805, -192.09475349416067, 8.5]
[-95.8242020839805, -192.09475349416067, 8.5]
[-95.8242020839805, -192.09475349416067, 8.5]
[-94.964380622247, -192.25449948578347, 8.5]
[-94.1045591605135, -192.41424547740624, 8.5]
[-94.1045591605135, -192.41424547740624, 8.5]
[-94.1045591605135, -192.41424547740624, 8.5]
[-93.23964751698584, -192.6336442684382, 8.5]
[-92.37473587345818, -192.85304305947014, 8.5]
[-92.37473587345818, -192.85304305947014, 8.5]
[-92.37473587345818, -192.85304305947014, 8.5]
[-91.50939672185967, -193.04823173456361, 8.5]
[-90.64405757026117, -193.24342040965712, 8.5]
[-90.64405757026117, -193.24342040965712, 8.5]
[-90.64405757026117, -193.24342040965712, 8.5]
[-89.78085069409177, -193.20220288916087, 8.5]
[-88.91764381792237, -193.16098536866463, 8.5]
[-88.91764381792237, -193.16098536866463, 8.5]
[-88.91764381792237, -193.16098536866463, 8.5]
[-88.05991633834289, -192.99795000262094, 8.5]
[-87.2021888587634, -192.83491463657728, 8.5]
[-87.2021888587634, -192.83491463657728, 8.5]
[-87.2021888587634, -192.83491463657728, 8.5]
[-86.33757826482449, -192.55722725560204, 8.5]
[-85.47296767088557, -192.2795398746268, 8.5]
[-85.47296767088557, -192.2795398746268, 8.5]
[-85.47296767088557, -192.2795398746268, 8.5]
[-84.60990169078315, -191.89390585873667, 8.5]
[-83.74683571068074, -191.50827184284654, 8.5]
[-83.74683571068074, -191.50827184284654, 8.5]
[-83.74683571068074, -191.50827184284654, 8.5]
[-82.88420624504772, -191.00805624648368, 8.5]
[-82.02157677941469, -190.5078406501208, 8.5]
[-82.02157677941469, -190.5078406501208, 8.5]
[-82.02157677941469, -190.5078406501208, 8.5]
[-81.16056901012287, -189.834835694135, 8.5]
[-80.29956124083105, -189.1618307381492, 8.5]
[-80.29956124083105, -189.1618307381492, 8.5]
[-80.29956124083105, -189.1618307381492, 8.5]
[-79.43561648047364, -187.4090176266226, 8.5]
[-78.57167172011621, -185.65620451509602, 8.5]
[-78.57167172011621, -185.65620451509602, 8.5]
[-78.57167172011621, -185.65620451509602, 8.5]
[-78.13608489421983, -182.19230382619045, 8.5]
[-77.70049806832344, -178.7284031372849, 8.5]
[-77.70049806832344, -178.7284031372849, 8.5]
