[-247.64464628391232, -502.5062127347254, 8.5]
[-247.64464628391232, -502.5062127347254, 8.5]
[-246.7826160308858, -501.50898089795174, 8.5]
[-245.9205857778593, -500.5117490611781, 8.5]
[-245.9205857778593, -500.5117490611781, 8.5]
[-245.9205857778593, -500.5117490611781, 8.5]
[-245.05736439807032, -499.9802989635032, 8.5]
[-244.19414301828132, -499.44884886582827, 8.5]
[-244.19414301828132, -499.44884886582827, 8.5]
[-244.19414301828132, -499.44884886582827, 8.5]
[-243.3311442068744, -498.9824857531492, 8.5]
[-242.46814539546747, -498.51612264047014, 8.5]
[-242.46814539546747, -498.51612264047014, 8.5]
[-242.46814539546747, -498.51612264047014, 8.5]
[-241.60606666029327, -498.0878655186147, 8.5]
[-240.7439879251191, -497.65960839675927, 8.5]
[-240.7439879251191, -497.65960839675927, 8.5]
[-240.7439879251191, -497.65960839675927, 8.5]
[-239.88204573446154, -497.266361240563, 8.5]
[-239.02010354380403, -496.87311408436676, 8.5]
[-239.02010354380403, -496.87311408436676, 8.5]
[-239.02010354380403, -496.87311408436676, 8.5]
[-238.1587130399765, -496.5190056638552, 8.5]
[-237.29732253614898, -496.1648972433436, 8.5]
[-237.29732253614898, -496.1648972433436, 8.5]
[-237.29732253614898, -496.1648972433436, 8.5]
[-236.43051837159527, -495.86109078408504, 8.5]
[-235.56371420704158, -495.55728432482647, 8.5]
[-235.56371420704158, -495.55728432482647, 8.5]
[-235.56371420704158, -495.55728432482647, 8.5]
[-234.70253465909343, -495.3428792495058, 8.5]
[-233.84135511114528, -495.1284741741851, 8.5]
[-233.84135511114528, -495.1284741741851, 8.5]
[-233.84135511114528, -495.1284741741851, 8.5]
[-233.11295735847457, -495.0712428299695, 8.5]
[-232.38455960580387, -495.0140114857539, 8.5]
[-232.38455960580387, -495.0140114857539, 8.5]
[-232.38455960580387, -495.0140114857539, 8.5]
[-231.3894175560299, -495.10093799169647, 8.5]
[-230.39427550625595, -495.1878644976391, 8.5]
[-230.39427550625595, -495.1878644976391, 8.5]
[-230.39427550625595, -495.1878644976391, 8.5]
[-229.53185128380846, -494.955705240161, 8.5]
[-228.66942706136098, -494.7235459826829, 8.5]
[-228.66942706136098, -494.7235459826829, 8.5]
[-228.66942706136098, -494.7235459826829, 8.5]
[-227.80738525934515, -494.44226257500884, 8.5]
[-226.94534345732936, -494.1609791673348, 8.5]
[-226.94534345732936, -494.1609791673348, 8.5]
[-226.94534345732936, -494.1609791673348, 8.5]
[-226.08424947711228, -494.0945604042274, 8.5]
[-225.22315549689517, -494.02814164112, 8.5]
[-225.22315549689517, -494.02814164112, 8.5]
[-225.22315549689517, -494.02814164112, 8.5]
[-224.35816560212115, -494.1460245890228, 8.5]
[-223.49317570734712, -494.26390753692556, 8.5]
[-223.49317570734712, -494.26390753692556, 8.5]
[-223.49317570734712, -494.26390753692556, 8.5]
[-222.6292473275177, -494.2809949186806, 8.5]
[-221.7653189476883, -494.2980823004357, 8.5]
[-221.7653189476883, -494.2980823004357, 8.5]
[-221.7653189476883, -494.2980823004357, 8.5]
[-220.9030371454469, -494.4202654449534, 8.5]
[-220.04075534320543, -494.54244858947106, 8.5]
[-220.04075534320543, -494.54244858947106, 8.5]
[-220.04075534320543, -494.54244858947106, 8.5]
[-219.1802102138947, -494.60092043924965, 8.5]
[-218.31966508458396, -494.6593922890282, 8.5]
[-218.31966508458396, -494.6593922890282, 8.5]
[-218.31966508458396, -494.6593922890282, 8.5]
[-217.45379571460535, -494.61915709794096, 8.5]
[-216.58792634462674, -494.5789219068537, 8.5]
[-216.58792634462674, -494.5789219068537, 8.5]
[-216.58792634462674, -494.5789219068537, 8.5]
[-215.7282200927586, -494.4725775059108, 8.5]
[-214.86851384089044, -494.36623310496793, 8.5]
[-214.86851384089044, -494.36623310496793, 8.5]
[-214.86851384089044, -494.36623310496793, 8.5]
[-214.00241437753718, -494.3427548717389, 8.5]
[-213.1363149141839, -494.3192766385099, 8.5]
[-213.1363149141839, -494.3192766385099, 8.5]
[-213.1363149141839, -494.3192766385099, 8.5]
[-212.27716332120815, -494.36420543688763, 8.5]
[-211.4180117282324, -494.40913423526536, 8.5]
[-211.4180117282324, -494.40913423526536, 8.5]
[-211.4180117282324, -494.40913423526536, 8.5]
[-210.55158682460555, -494.4973289055202, 8.5]
[-209.68516192097871, -494.585523575775, 8.5]
[-209.68516192097871, -494.585523575775, 8.5]
[-209.68516192097871, -494.585523575775, 8.5]
[-208.82114703897705, -494.7096476317526, 8.5]
[-207.95713215697538, -494.8337716877302, 8.5]
[-207.95713215697538, -494.8337716877302, 8.5]
[-207.95713215697538, -494.8337716877302, 8.5]
[-207.0975567260693, -494.9571013939795, 8.5]
[-206.23798129516325, -495.0804311002288, 8.5]
[-206.23798129516325, -495.0804311002288, 8.5]
[-206.23798129516325, -495.0804311002288, 8.5]
[-205.37802511418545, -494.9014335586228, 8.5]
[-204.51806893320767, -494.7224360170168, 8.5]
[-204.51806893320767, -494.7224360170168, 8.5]
[-204.51806893320767, -494.7224360170168, 8.5]
[-203.65533425668934, -494.39334356677546, 8.5]
[-202.79259958017104, -494.06425111653414, 8.5]
[-202.79259958017104, -494.06425111653414, 8.5]
[-202.79259958017104, -494.06425111653414, 8.5]
[-201.92655743612318, -493.7759311454018, 8.5]
[-201.0605152920753, -493.48761117426943, 8.5]
[-201.0605152920753, -493.48761117426943, 8.5]
[-201.0605152920753, -493.48761117426943, 8.5]
[-200.20062655669517, -493.60965875915997, 8.5]
[-199.340737821315, -493.7317063440505, 8.5]
[-199.340737821315, -493.7317063440505, 8.5]
[-199.340737821315, -493.7317063440505, 8.5]
[-198.47927463970296, -493.6381996875398, 8.5]
[-197.61781145809093, -493.54469303102906, 8.5]
[-197.61781145809093, -493.54469303102906, 8.5]
[-197.61781145809093, -493.54469303102906, 8.5]
[-196.754370006795, -493.24143966171164, 8.5]
[-195.8909285554991, -492.9381862923942, 8.5]
[-195.8909285554991, -492.9381862923942, 8.5]
[-195.8909285554991, -492.9381862923942, 8.5]
[-195.0279029449965, -492.6404714812853, 8.5]
[-194.1648773344939, -492.34275667017636, 8.5]
[-194.1648773344939, -492.34275667017636, 8.5]
[-194.1648773344939, -492.34275667017636, 8.5]
[-193.29992628057815, -492.10982892982395, 8.5]
[-192.4349752266624, -491.8769011894715, 8.5]
[-192.4349752266624, -491.8769011894715, 8.5]
[-192.4349752266624, -491.8769011894715, 8.5]
[-191.57474354673607, -491.7345223051907, 8.5]
[-190.71451186680974, -491.59214342090985, 8.5]
[-190.71451186680974, -491.59214342090985, 8.5]
[-190.71451186680974, -491.59214342090985, 8.5]
[-189.84998211821014, -491.4993754107578, 8.5]
[-188.98545236961053, -491.4066074006057, 8.5]
[-188.98545236961053, -491.4066074006057, 8.5]
[-188.98545236961053, -491.4066074006057, 8.5]
[-188.12398941498122, -491.23270847081744, 8.5]
[-187.26252646035195, -491.0588095410292, 8.5]
[-187.26252646035195, -491.0588095410292, 8.5]
[-187.26252646035195, -491.0588095410292, 8.5]
[-186.40088194389892, -490.8468026125222, 8.5]
[-185.53923742744587, -490.63479568401516, 8.5]
[-185.53923742744587, -490.63479568401516, 8.5]
[-185.53923742744587, -490.63479568401516, 8.5]
[-184.67533443616855, -490.3974830285489, 8.5]
[-183.81143144489124, -490.1601703730827, 8.5]
[-183.81143144489124, -490.1601703730827, 8.5]
[-183.81143144489124, -490.1601703730827, 8.5]
[-182.9517517142541, -489.90517661603565, 8.5]
[-182.09207198361696, -489.65018285898867, 8.5]
[-182.09207198361696, -489.65018285898867, 8.5]
[-182.09207198361696, -489.65018285898867, 8.5]
[-181.22674740673185, -489.37756314612864, 8.5]
[-180.36142282984673, -489.10494343326866, 8.5]
[-180.36142282984673, -489.10494343326866, 8.5]
[-180.36142282984673, -489.10494343326866, 8.5]
[-179.50041686218836, -488.81923043038466, 8.5]
[-178.63941089453, -488.5335174275007, 8.5]
[-178.63941089453, -488.5335174275007, 8.5]
[-178.63941089453, -488.5335174275007, 8.5]
[-177.77812482462076, -488.23365681136534, 8.5]
[-176.91683875471153, -487.93379619523, 8.5]
[-176.91683875471153, -487.93379619523, 8.5]
[-176.91683875471153, -487.93379619523, 8.5]
[-176.05192520022564, -487.61715809842235, 8.5]
[-175.18701164573977, -487.30052000161476, 8.5]
[-175.18701164573977, -487.30052000161476, 8.5]
[-175.18701164573977, -487.30052000161476, 8.5]
[-174.32549929786836, -486.99149115937814, 8.5]
[-173.46398694999698, -486.68246231714147, 8.5]
[-173.46398694999698, -486.68246231714147, 8.5]
[-173.46398694999698, -486.68246231714147, 8.5]
[-172.60112754257875, -486.43573838949004, 8.5]
[-171.73826813516052, -486.1890144618386, 8.5]
[-171.73826813516052, -486.1890144618386, 8.5]
[-171.73826813516052, -486.1890144618386, 8.5]
[-170.87514902291628, -486.04502612233557, 8.5]
[-170.01202991067203, -485.90103778283253, 8.5]
[-170.01202991067203, -485.90103778283253, 8.5]
[-170.01202991067203, -485.90103778283253, 8.5]
[-169.14911159833662, -485.86390517912446, 8.5]
[-168.28619328600124, -485.82677257541644, 8.5]
[-168.28619328600124, -485.82677257541644, 8.5]
[-168.28619328600124, -485.82677257541644, 8.5]
[-167.42444636538283, -485.8185279234598, 8.5]
[-166.5626994447644, -485.81028327150307, 8.5]
[-166.5626994447644, -485.81028327150307, 8.5]
[-166.5626994447644, -485.81028327150307, 8.5]
[-165.69862006408374, -485.70170328332847, 8.5]
[-164.83454068340308, -485.5931232951539, 8.5]
[-164.83454068340308, -485.5931232951539, 8.5]
[-164.83454068340308, -485.5931232951539, 8.5]
[-163.9727439433879, -485.3669074098008, 8.5]
[-163.11094720337275, -485.14069152444773, 8.5]
[-163.11094720337275, -485.14069152444773, 8.5]
[-163.11094720337275, -485.14069152444773, 8.5]
[-162.24886795954728, -484.85768481822276, 8.5]
[-161.38678871572182, -484.5746781119978, 8.5]
[-161.38678871572182, -484.5746781119978, 8.5]
[-161.38678871572182, -484.5746781119978, 8.5]
[-160.52309015235573, -484.64277385831406, 8.5]
[-159.65939158898965, -484.71086960463026, 8.5]
[-159.65939158898965, -484.71086960463026, 8.5]
[-159.65939158898965, -484.71086960463026, 8.5]
[-158.79694605367098, -485.08817930532734, 8.5]
[-157.93450051835228, -485.4654890060245, 8.5]
[-157.93450051835228, -485.4654890060245, 8.5]
[-157.93450051835228, -485.4654890060245, 8.5]
[-157.06993986722807, -486.08471303939314, 8.5]
[-156.2053792161039, -486.70393707276185, 8.5]
[-156.2053792161039, -486.70393707276185, 8.5]
[-156.2053792161039, -486.70393707276185, 8.5]
[-155.34349320750056, -487.4594971617441, 8.5]
[-154.48160719889722, -488.2150572507263, 8.5]
[-154.48160719889722, -488.2150572507263, 8.5]
[-154.48160719889722, -488.2150572507263, 8.5]
[-153.62071579290244, -488.91622068127253, 8.5]
[-152.75982438690764, -489.61738411181875, 8.5]
[-152.75982438690764, -489.61738411181875, 8.5]
[-152.75982438690764, -489.61738411181875, 8.5]
[-151.89643308096765, -489.9437584749806, 8.5]
[-151.03304177502764, -490.27013283814244, 8.5]
[-151.03304177502764, -490.27013283814244, 8.5]
[-151.03304177502764, -490.27013283814244, 8.5]
[-150.1714032962085, -490.30404052215573, 8.5]
[-149.30976481738935, -490.337948206169, 8.5]
[-149.30976481738935, -490.337948206169, 8.5]
[-149.30976481738935, -490.337948206169, 8.5]
[-148.44602457672994, -490.7334341295561, 8.5]
[-147.5822843360705, -491.12892005294316, 8.5]
[-147.5822843360705, -491.12892005294316, 8.5]
[-147.5822843360705, -491.12892005294316, 8.5]
[-146.71992559531054, -491.9688068675596, 8.5]
[-145.8575668545506, -492.80869368217606, 8.5]
[-145.8575668545506, -492.80869368217606, 8.5]
[-145.8575668545506, -492.80869368217606, 8.5]
[-144.99667788204735, -493.6074057860908, 8.5]
[-144.1357889095441, -494.4061178900056, 8.5]
[-144.1357889095441, -494.4061178900056, 8.5]
[-144.1357889095441, -494.4061178900056, 8.5]
[-143.2729198230631, -495.3767143226022, 8.5]
[-142.41005073658212, -496.34731075519886, 8.5]
[-142.41005073658212, -496.34731075519886, 8.5]
[-142.41005073658212, -496.34731075519886, 8.5]
[-141.54561982707907, -497.7965676668035, 8.5]
[-140.68118891757598, -499.24582457840813, 8.5]
[-140.68118891757598, -499.24582457840813, 8.5]
[-140.68118891757598, -499.24582457840813, 8.5]
[-139.8195864880466, -499.97836171472477, 8.5]
[-138.95798405851724, -500.71089885104146, 8.5]
[-138.95798405851724, -500.71089885104146, 8.5]
[-138.95798405851724, -500.71089885104146, 8.5]
[-138.0955668948489, -501.3777347528945, 8.5]
[-137.2331497311806, -502.0445706547476, 8.5]
[-137.2331497311806, -502.0445706547476, 8.5]
[-137.2331497311806, -502.0445706547476, 8.5]
[-136.26653402591563, -502.6273592596589, 8.5]
[-135.2999183206507, -503.21014786457016, 8.5]
[-135.2999183206507, -503.21014786457016, 8.5]
[-135.2999183206507, -503.21014786457016, 8.5]
[-134.54032536476313, -504.32022117641236, 8.5]
[-133.7807324088756, -505.4302944882545, 8.5]
[-133.7807324088756, -505.4302944882545, 8.5]
[-133.7807324088756, -505.4302944882545, 8.5]
[-132.91916134053753, -507.86002117040505, 8.5]
[-132.05759027219946, -510.28974785255554, 8.5]
[-132.05759027219946, -510.28974785255554, 8.5]
[-132.05759027219946, -510.28974785255554, 8.5]
[-131.19539142842785, -512.4689280049188, 8.5]
[-130.33319258465625, -514.6481081572821, 8.5]
[-130.33319258465625, -514.6481081572821, 8.5]
[-130.33319258465625, -514.6481081572821, 8.5]
[-129.4388633490815, -515.6786439163002, 8.5]
[-128.5445341135067, -516.7091796753183, 8.5]
[-128.5445341135067, -516.7091796753183, 8.5]
[-128.5445341135067, -516.7091796753183, 8.5]
[-127.71217682697413, -518.998307521222, 8.5]
[-126.87981954044156, -521.2874353671258, 8.5]
[-126.87981954044156, -521.2874353671258, 8.5]
[-126.87981954044156, -521.2874353671258, 8.5]
[-126.01810613360962, -522.648111239735, 8.5]
[-125.15639272677768, -524.0087871123444, 8.5]
[-125.15639272677768, -524.0087871123444, 8.5]
[-125.15639272677768, -524.0087871123444, 8.5]
[-124.29252442225591, -524.6043942527134, 8.5]
[-123.42865611773414, -525.2000013930824, 8.5]
[-123.42865611773414, -525.2000013930824, 8.5]
[-123.42865611773414, -525.2000013930824, 8.5]
[-122.56845371070887, -525.0875609949778, 8.5]
[-121.70825130368358, -524.9751205968732, 8.5]
[-121.70825130368358, -524.9751205968732, 8.5]
[-121.70825130368358, -524.9751205968732, 8.5]
[-120.84366863295924, -524.6123724140541, 8.5]
[-119.9790859622349, -524.2496242312351, 8.5]
[-119.9790859622349, -524.2496242312351, 8.5]
[-119.9790859622349, -524.2496242312351, 8.5]
[-119.11603762946501, -523.703621817333, 8.5]
[-118.25298929669513, -523.157619403431, 8.5]
[-118.25298929669513, -523.157619403431, 8.5]
[-118.25298929669513, -523.157619403431, 8.5]
[-117.39286762331409, -522.6118907957122, 8.5]
[-116.53274594993306, -522.0661621879933, 8.5]
[-116.53274594993306, -522.0661621879933, 8.5]
[-116.53274594993306, -522.0661621879933, 8.5]
[-115.67083127480215, -521.53918016066, 8.5]
[-114.80891659967125, -521.0121981333265, 8.5]
[-114.80891659967125, -521.0121981333265, 8.5]
[-114.80891659967125, -521.0121981333265, 8.5]
[-113.94391857717326, -520.5039447915287, 8.5]
[-113.07892055467528, -519.9956914497309, 8.5]
[-113.07892055467528, -519.9956914497309, 8.5]
[-113.07892055467528, -519.9956914497309, 8.5]
[-112.21799334971945, -519.5644367696107, 8.5]
[-111.3570661447636, -519.1331820894904, 8.5]
[-111.3570661447636, -519.1331820894904, 8.5]
[-111.3570661447636, -519.1331820894904, 8.5]
[-110.49325767453723, -518.8652524642339, 8.5]
[-109.62944920431087, -518.5973228389773, 8.5]
[-109.62944920431087, -518.5973228389773, 8.5]
[-109.62944920431087, -518.5973228389773, 8.5]
[-108.76710565566616, -518.5432460614181, 8.5]
[-107.90476210702144, -518.489169283859, 8.5]
[-107.90476210702144, -518.489169283859, 8.5]
[-107.90476210702144, -518.489169283859, 8.5]
[-107.04314351160882, -518.2626542420641, 8.5]
[-106.1815249161962, -518.0361392002691, 8.5]
[-106.1815249161962, -518.0361392002691, 8.5]
[-106.1815249161962, -518.0361392002691, 8.5]
[-105.31710710461394, -517.7177424164663, 8.5]
[-104.45268929303168, -517.3993456326635, 8.5]
[-104.45268929303168, -517.3993456326635, 8.5]
[-104.45268929303168, -517.3993456326635, 8.5]
[-103.59188600949375, -517.3778923862562, 8.5]
[-102.73108272595582, -517.356439139849, 8.5]
[-102.73108272595582, -517.356439139849, 8.5]
[-102.73108272595582, -517.356439139849, 8.5]
[-101.86994363016836, -517.7310472199681, 8.5]
[-101.00880453438091, -518.1056553000872, 8.5]
[-101.00880453438091, -518.1056553000872, 8.5]
[-101.00880453438091, -518.1056553000872, 8.5]
[-100.1423569153601, -518.0249956881338, 8.5]
[-99.27590929633928, -517.9443360761804, 8.5]
[-99.27590929633928, -517.9443360761804, 8.5]
[-99.27590929633928, -517.9443360761804, 8.5]
[-98.41437555962251, -518.0147417856363, 8.5]
[-97.55284182290575, -518.085147495092, 8.5]
[-97.55284182290575, -518.085147495092, 8.5]
[-97.55284182290575, -518.085147495092, 8.5]
[-96.69071313776661, -518.3296127056265, 8.5]
[-95.82858445262747, -518.5740779161611, 8.5]
[-95.82858445262747, -518.5740779161611, 8.5]
[-95.82858445262747, -518.5740779161611, 8.5]
[-94.96612861947553, -518.8070497652859, 8.5]
[-94.10367278632359, -519.0400216144108, 8.5]
[-94.10367278632359, -519.0400216144108, 8.5]
[-94.10367278632359, -519.0400216144108, 8.5]
[-93.24082018585084, -519.1972911302366, 8.5]
[-92.37796758537809, -519.3545606460625, 8.5]
[-92.37796758537809, -519.3545606460625, 8.5]
[-92.37796758537809, -519.3545606460625, 8.5]
[-91.51569361773531, -519.3536887404732, 8.5]
[-90.65341965009253, -519.3528168348839, 8.5]
[-90.65341965009253, -519.3528168348839, 8.5]
[-90.65341965009253, -519.3528168348839, 8.5]
[-89.78893416587519, -519.194320308801, 8.5]
[-88.92444868165785, -519.0358237827181, 8.5]
[-88.92444868165785, -519.0358237827181, 8.5]
[-88.92444868165785, -519.0358237827181, 8.5]
[-88.06528089823341, -518.7313385284256, 8.5]
[-87.20611311480897, -518.4268532741331, 8.5]
[-87.20611311480897, -518.4268532741331, 8.5]
[-87.20611311480897, -518.4268532741331, 8.5]
[-86.34326208299078, -518.0766518059104, 8.5]
[-85.48041105117257, -517.7264503376878, 8.5]
[-85.48041105117257, -517.7264503376878, 8.5]
[-85.48041105117257, -517.7264503376878, 8.5]
[-84.61581062694106, -517.265892916282, 8.5]
[-83.75121020270953, -516.8053354948763, 8.5]
[-83.75121020270953, -516.8053354948763, 8.5]
[-83.75121020270953, -516.8053354948763, 8.5]
[-82.88914702326461, -516.1444421417473, 8.5]
[-82.0270838438197, -515.4835487886184, 8.5]
[-82.0270838438197, -515.4835487886184, 8.5]
[-82.0270838438197, -515.4835487886184, 8.5]
[-81.16308356482016, -514.8528213711338, 8.5]
[-80.29908328582061, -514.2220939536492, 8.5]
[-80.29908328582061, -514.2220939536492, 8.5]
[-80.29908328582061, -514.2220939536492, 8.5]
[-79.4389047607419, -513.6184510792818, 8.5]
[-78.5787262356632, -513.0148082049146, 8.5]
[-78.5787262356632, -513.0148082049146, 8.5]
[-78.5787262356632, -513.0148082049146, 8.5]
[-78.14217147894271, -511.75274885801286, 8.5]
[-77.70561672222222, -510.4906895111111, 8.5]
[-77.70561672222222, -510.4906895111111, 8.5]
