[-247.64600938523262, -606.0569406792129, 8.5]
[-247.64600938523262, -606.0569406792129, 8.5]
[-247.0714426947902, -605.6236807444342, 8.5]
[-246.49687600434774, -605.1904208096556, 8.5]
[-245.92230931390532, -604.757160874877, 8.5]
[-245.92230931390532, -604.757160874877, 8.5]
[-245.92230931390532, -604.757160874877, 8.5]
[-245.3458008456568, -604.491678727774, 8.5]
[-244.7692923774083, -604.226196580671, 8.5]
[-244.1927839091598, -603.960714433568, 8.5]
[-244.1927839091598, -603.960714433568, 8.5]
[-244.1927839091598, -603.960714433568, 8.5]
[-243.61942114855933, -603.7206884583667, 8.5]
[-243.04605838795885, -603.4806624831655, 8.5]
[-242.47269562735838, -603.2406365079642, 8.5]
[-242.47269562735838, -603.2406365079642, 8.5]
[-242.47269562735838, -603.2406365079642, 8.5]
[-241.8960363354703, -603.0270823293216, 8.5]
[-241.31937704358228, -602.8135281506791, 8.5]
[-240.74271775169422, -602.5999739720365, 8.5]
[-240.74271775169422, -602.5999739720365, 8.5]
[-240.74271775169422, -602.5999739720365, 8.5]
[-240.1670231440583, -602.4264858053443, 8.5]
[-239.59132853642237, -602.2529976386522, 8.5]
[-239.01563392878646, -602.07950947196, 8.5]
[-239.01563392878646, -602.07950947196, 8.5]
[-239.01563392878646, -602.07950947196, 8.5]
[-238.4419709390841, -602.0105590375621, 8.5]
[-237.86830794938174, -601.941608603164, 8.5]
[-237.29464495967937, -601.8726581687661, 8.5]
[-237.29464495967937, -601.8726581687661, 8.5]
[-237.29464495967937, -601.8726581687661, 8.5]
[-236.7183272264738, -602.0028466126154, 8.5]
[-236.14200949326826, -602.1330350564646, 8.5]
[-235.5656917600627, -602.2632235003139, 8.5]
[-235.5656917600627, -602.2632235003139, 8.5]
[-235.5656917600627, -602.2632235003139, 8.5]
[-234.9901736841509, -602.0808931734678, 8.5]
[-234.4146556082391, -601.8985628466216, 8.5]
[-233.8391375323273, -601.7162325197755, 8.5]
[-233.8391375323273, -601.7162325197755, 8.5]
[-233.8391375323273, -601.7162325197755, 8.5]
[-233.2664465925516, -601.5037323376611, 8.5]
[-232.69375565277593, -601.2912321555466, 8.5]
[-232.12106471300024, -601.0787319734321, 8.5]
[-232.12106471300024, -601.0787319734321, 8.5]
[-232.12106471300024, -601.0787319734321, 8.5]
[-231.54500240213454, -600.9875400942801, 8.5]
[-230.96894009126882, -600.896348215128, 8.5]
[-230.39287778040313, -600.805156335976, 8.5]
[-230.39287778040313, -600.805156335976, 8.5]
[-230.39287778040313, -600.805156335976, 8.5]
[-229.817403083571, -600.8046140822418, 8.5]
[-229.2419283867389, -600.8040718285075, 8.5]
[-228.66645368990677, -600.8035295747733, 8.5]
[-228.66645368990677, -600.8035295747733, 8.5]
[-228.66645368990677, -600.8035295747733, 8.5]
[-228.09114276059927, -600.8361451227619, 8.5]
[-227.51583183129176, -600.8687606707504, 8.5]
[-226.94052090198426, -600.901376218739, 8.5]
[-226.94052090198426, -600.901376218739, 8.5]
[-226.94052090198426, -600.901376218739, 8.5]
[-226.3653369999661, -600.9670292719626, 8.5]
[-225.79015309794798, -601.0326823251862, 8.5]
[-225.21496919592983, -601.0983353784098, 8.5]
[-225.21496919592983, -601.0983353784098, 8.5]
[-225.21496919592983, -601.0983353784098, 8.5]
[-224.64038379669583, -601.1626612477512, 8.5]
[-224.0657983974618, -601.2269871170927, 8.5]
[-223.4912129982278, -601.291312986434, 8.5]
[-223.4912129982278, -601.291312986434, 8.5]
[-223.4912129982278, -601.291312986434, 8.5]
[-222.9151784525341, -601.2928107556218, 8.5]
[-222.33914390684038, -601.2943085248096, 8.5]
[-221.76310936114666, -601.2958062939973, 8.5]
[-221.76310936114666, -601.2958062939973, 8.5]
[-221.76310936114666, -601.2958062939973, 8.5]
[-221.18792198836687, -601.2538773810861, 8.5]
[-220.6127346155871, -601.2119484681749, 8.5]
[-220.0375472428073, -601.1700195552637, 8.5]
[-220.0375472428073, -601.1700195552637, 8.5]
[-220.0375472428073, -601.1700195552637, 8.5]
[-219.46366562238623, -601.0992248495883, 8.5]
[-218.88978400196515, -601.0284301439127, 8.5]
[-218.31590238154408, -600.9576354382373, 8.5]
[-218.31590238154408, -600.9576354382373, 8.5]
[-218.31590238154408, -600.9576354382373, 8.5]
[-217.855834550659, -600.8818650180841, 8.5]
[-217.39576671977397, -600.806094597931, 8.5]
[-216.9356988888889, -600.7303241777778, 8.5]
[-216.9356988888889, -600.7303241777778, 8.5]
[-216.9356988888889, -600.7303241777778, 8.5]
[-215.99157635163263, -600.8535210310312, 8.5]
[-215.04745381437633, -600.9767178842844, 8.5]
[-214.10333127712005, -601.0999147375378, 8.5]
[-214.10333127712005, -601.0999147375378, 8.5]
[-214.10333127712005, -601.0999147375378, 8.5]
[-213.78228979586828, -601.1819541036986, 8.5]
[-213.4612483146165, -601.2639934698593, 8.5]
[-213.14020683336474, -601.3460328360201, 8.5]
[-213.14020683336474, -601.3460328360201, 8.5]
[-213.14020683336474, -601.3460328360201, 8.5]
[-212.56427208798442, -601.5233743205397, 8.5]
[-211.9883373426041, -601.7007158050594, 8.5]
[-211.41240259722377, -601.878057289579, 8.5]
[-211.41240259722377, -601.878057289579, 8.5]
[-211.41240259722377, -601.878057289579, 8.5]
[-210.83851050412466, -601.846181222898, 8.5]
[-210.26461841102554, -601.814305156217, 8.5]
[-209.69072631792642, -601.782429089536, 8.5]
[-209.69072631792642, -601.782429089536, 8.5]
[-209.69072631792642, -601.782429089536, 8.5]
[-209.11625566925454, -601.5692545308027, 8.5]
[-208.54178502058267, -601.3560799720693, 8.5]
[-207.9673143719108, -601.142905413336, 8.5]
[-207.9673143719108, -601.142905413336, 8.5]
[-207.9673143719108, -601.142905413336, 8.5]
[-207.3915208578167, -600.8793721665525, 8.5]
[-206.81572734372256, -600.615838919769, 8.5]
[-206.23993382962846, -600.3523056729854, 8.5]
[-206.23993382962846, -600.3523056729854, 8.5]
[-206.23993382962846, -600.3523056729854, 8.5]
[-205.66371483658418, -600.288325645604, 8.5]
[-205.0874958435399, -600.2243456182225, 8.5]
[-204.51127685049562, -600.1603655908411, 8.5]
[-204.51127685049562, -600.1603655908411, 8.5]
[-204.51127685049562, -600.1603655908411, 8.5]
[-203.93715086697318, -600.3370372825133, 8.5]
[-203.36302488345075, -600.5137089741853, 8.5]
[-202.7888988999283, -600.6903806658574, 8.5]
[-202.7888988999283, -600.6903806658574, 8.5]
[-202.7888988999283, -600.6903806658574, 8.5]
[-202.21398306722892, -600.6211172281379, 8.5]
[-201.63906723452956, -600.5518537904182, 8.5]
[-201.06415140183017, -600.4825903526987, 8.5]
[-201.06415140183017, -600.4825903526987, 8.5]
[-201.06415140183017, -600.4825903526987, 8.5]
[-200.48931370989644, -600.1167139089295, 8.5]
[-199.91447601796273, -599.7508374651603, 8.5]
[-199.339638326029, -599.3849610213911, 8.5]
[-199.339638326029, -599.3849610213911, 8.5]
[-199.339638326029, -599.3849610213911, 8.5]
[-198.7642330912168, -599.2115065267222, 8.5]
[-198.18882785640463, -599.0380520320535, 8.5]
[-197.61342262159243, -598.8645975373847, 8.5]
[-197.61342262159243, -598.8645975373847, 8.5]
[-197.61342262159243, -598.8645975373847, 8.5]
[-197.03762666351716, -598.7407462952833, 8.5]
[-196.4618307054419, -598.6168950531819, 8.5]
[-195.88603474736664, -598.4930438110805, 8.5]
[-195.88603474736664, -598.4930438110805, 8.5]
[-195.88603474736664, -598.4930438110805, 8.5]
[-195.3107714442401, -598.4122990792396, 8.5]
[-194.73550814111357, -598.3315543473987, 8.5]
[-194.16024483798702, -598.2508096155577, 8.5]
[-194.16024483798702, -598.2508096155577, 8.5]
[-194.16024483798702, -598.2508096155577, 8.5]
[-193.5844618291397, -598.1964375499955, 8.5]
[-193.00867882029237, -598.1420654844334, 8.5]
[-192.43289581144506, -598.0876934188711, 8.5]
[-192.43289581144506, -598.0876934188711, 8.5]
[-192.43289581144506, -598.0876934188711, 8.5]
[-192.0168947257492, -598.0480747521552, 8.5]
[-191.60089364005333, -598.0084560854394, 8.5]
[-191.18489255435748, -597.9688374187235, 8.5]
[-191.18489255435748, -597.9688374187235, 8.5]
[-191.18489255435748, -597.9688374187235, 8.5]
[-190.20541338745358, -597.5828636686003, 8.5]
[-189.22593422054968, -597.1968899184772, 8.5]
[-188.24645505364578, -596.810916168354, 8.5]
[-188.24645505364578, -596.810916168354, 8.5]
[-188.24645505364578, -596.810916168354, 8.5]
[-187.91845105733913, -596.7055183629398, 8.5]
[-187.59044706103248, -596.6001205575257, 8.5]
[-187.26244306472583, -596.4947227521114, 8.5]
[-187.26244306472583, -596.4947227521114, 8.5]
[-187.26244306472583, -596.4947227521114, 8.5]
[-186.68741738855888, -596.3759770475561, 8.5]
[-186.1123917123919, -596.2572313430007, 8.5]
[-185.53736603622497, -596.1384856384454, 8.5]
[-185.53736603622497, -596.1384856384454, 8.5]
[-185.53736603622497, -596.1384856384454, 8.5]
[-184.9623792593875, -596.0131048227038, 8.5]
[-184.38739248255004, -595.887724006962, 8.5]
[-183.81240570571256, -595.7623431912203, 8.5]
[-183.81240570571256, -595.7623431912203, 8.5]
[-183.81240570571256, -595.7623431912203, 8.5]
[-183.44336639720822, -595.6589361107659, 8.5]
[-183.07432708870385, -595.5555290303116, 8.5]
[-182.7052877801995, -595.4521219498572, 8.5]
[-182.7052877801995, -595.4521219498572, 8.5]
[-182.7052877801995, -595.4521219498572, 8.5]
[-180.1204082844504, -594.4588958633236, 8.5]
[-177.53552878870133, -593.4656697767902, 8.5]
[-174.95064929295222, -592.4724436902566, 8.5]
[-174.95064929295222, -592.4724436902566, 8.5]
[-174.95064929295222, -592.4724436902566, 8.5]
[-174.45355353768545, -592.4502748805952, 8.5]
[-173.9564577824187, -592.428106070934, 8.5]
[-173.45936202715194, -592.4059372612726, 8.5]
[-173.45936202715194, -592.4059372612726, 8.5]
[-173.45936202715194, -592.4059372612726, 8.5]
[-172.88525411770138, -592.4708235867107, 8.5]
[-172.3111462082508, -592.535709912149, 8.5]
[-171.73703829880023, -592.6005962375871, 8.5]
[-171.73703829880023, -592.6005962375871, 8.5]
[-171.73703829880023, -592.6005962375871, 8.5]
[-171.16134018438248, -592.6112657838821, 8.5]
[-170.5856420699647, -592.6219353301772, 8.5]
[-170.00994395554696, -592.6326048764722, 8.5]
[-170.00994395554696, -592.6326048764722, 8.5]
[-170.00994395554696, -592.6326048764722, 8.5]
[-169.43461791922837, -592.4979571117474, 8.5]
[-168.8592918829098, -592.3633093470226, 8.5]
[-168.2839658465912, -592.2286615822977, 8.5]
[-168.2839658465912, -592.2286615822977, 8.5]
[-168.2839658465912, -592.2286615822977, 8.5]
[-167.70874821058698, -592.0413424015813, 8.5]
[-167.13353057458275, -591.854023220865, 8.5]
[-166.55831293857852, -591.6667040401486, 8.5]
[-166.55831293857852, -591.6667040401486, 8.5]
[-166.55831293857852, -591.6667040401486, 8.5]
[-165.98237177722484, -591.5759822442022, 8.5]
[-165.4064306158712, -591.485260448256, 8.5]
[-164.8304894545175, -591.3945386523096, 8.5]
[-164.8304894545175, -591.3945386523096, 8.5]
[-164.8304894545175, -591.3945386523096, 8.5]
[-164.34791768125532, -591.3440044352297, 8.5]
[-163.86534590799317, -591.2934702181498, 8.5]
[-163.382774134731, -591.2429360010699, 8.5]
[-163.382774134731, -591.2429360010699, 8.5]
[-163.382774134731, -591.2429360010699, 8.5]
[-161.51411546969678, -592.8168855858561, 8.5]
[-159.6454568046626, -594.3908351706423, 8.5]
[-157.77679813962837, -595.9647847554285, 8.5]
[-157.77679813962837, -595.9647847554285, 8.5]
[-157.77679813962837, -595.9647847554285, 8.5]
[-157.25341222234027, -596.301634874813, 8.5]
[-156.73002630505218, -596.6384849941976, 8.5]
[-156.20664038776408, -596.9753351135821, 8.5]
[-156.20664038776408, -596.9753351135821, 8.5]
[-156.20664038776408, -596.9753351135821, 8.5]
[-155.63169489485162, -597.0034108938072, 8.5]
[-155.05674940193916, -597.0314866740322, 8.5]
[-154.4818039090267, -597.0595624542573, 8.5]
[-154.4818039090267, -597.0595624542573, 8.5]
[-154.4818039090267, -597.0595624542573, 8.5]
[-153.9076660558044, -597.2639635509938, 8.5]
[-153.33352820258213, -597.4683646477305, 8.5]
[-152.75939034935985, -597.672765744467, 8.5]
[-152.75939034935985, -597.672765744467, 8.5]
[-152.75939034935985, -597.672765744467, 8.5]
[-152.18261317849644, -597.9798911202814, 8.5]
[-151.605836007633, -598.2870164960957, 8.5]
[-151.0290588367696, -598.5941418719101, 8.5]
[-151.0290588367696, -598.5941418719101, 8.5]
[-151.0290588367696, -598.5941418719101, 8.5]
[-150.45468938760123, -599.1324505937303, 8.5]
[-149.88031993843288, -599.6707593155504, 8.5]
[-149.30595048926452, -600.2090680373706, 8.5]
[-149.30595048926452, -600.2090680373706, 8.5]
[-149.30595048926452, -600.2090680373706, 8.5]
[-148.80871724652377, -600.6795459328473, 8.5]
[-148.31148400378302, -601.150023828324, 8.5]
[-147.81425076104227, -601.6205017238008, 8.5]
[-147.81425076104227, -601.6205017238008, 8.5]
[-147.81425076104227, -601.6205017238008, 8.5]
[-146.3024158983815, -603.856261529995, 8.5]
[-144.79058103572075, -606.0920213361892, 8.5]
[-143.27874617305997, -608.3277811423834, 8.5]
[-143.27874617305997, -608.3277811423834, 8.5]
[-143.27874617305997, -608.3277811423834, 8.5]
[-142.98754947761313, -608.3083515540056, 8.5]
[-142.69635278216631, -608.2889219656278, 8.5]
[-142.40515608671947, -608.26949237725, 8.5]
[-142.40515608671947, -608.26949237725, 8.5]
[-142.40515608671947, -608.26949237725, 8.5]
[-141.82915336864596, -608.4859952647789, 8.5]
[-141.25315065057245, -608.702498152308, 8.5]
[-140.67714793249894, -608.9190010398369, 8.5]
[-140.67714793249894, -608.9190010398369, 8.5]
[-140.67714793249894, -608.9190010398369, 8.5]
[-140.10332014539162, -609.7573749232743, 8.5]
[-139.52949235828433, -610.5957488067116, 8.5]
[-138.955664571177, -611.434122690149, 8.5]
[-138.955664571177, -611.434122690149, 8.5]
[-138.955664571177, -611.434122690149, 8.5]
[-138.535757325387, -612.4366468799922, 8.5]
[-138.11585007959698, -613.4391710698353, 8.5]
[-137.69594283380698, -614.4416952596785, 8.5]
[-137.69594283380698, -614.4416952596785, 8.5]
[-137.69594283380698, -614.4416952596785, 8.5]
[-136.30487556276617, -617.6189672556911, 8.5]
[-134.9138082917254, -620.7962392517037, 8.5]
[-133.52274102068458, -623.9735112477164, 8.5]
[-133.52274102068458, -623.9735112477164, 8.5]
[-133.52274102068458, -623.9735112477164, 8.5]
[-133.03355835104205, -624.9251012006237, 8.5]
[-132.54437568139954, -625.8766911535309, 8.5]
[-132.055193011757, -626.8282811064382, 8.5]
[-132.055193011757, -626.8282811064382, 8.5]
[-132.055193011757, -626.8282811064382, 8.5]
[-131.47941170004233, -627.9673163486117, 8.5]
[-130.90363038832768, -629.106351590785, 8.5]
[-130.327849076613, -630.2453868329585, 8.5]
[-130.327849076613, -630.2453868329585, 8.5]
[-130.327849076613, -630.2453868329585, 8.5]
[-129.8694954678697, -630.6166621899381, 8.5]
[-129.4111418591264, -630.9879375469177, 8.5]
[-128.9527882503831, -631.3592129038973, 8.5]
[-128.9527882503831, -631.3592129038973, 8.5]
[-128.9527882503831, -631.3592129038973, 8.5]
[-128.07954964959717, -631.5935752488382, 8.5]
[-127.20631104881126, -631.8279375937791, 8.5]
[-126.33307244802535, -632.06229993872, 8.5]
[-126.33307244802535, -632.06229993872, 8.5]
[-126.33307244802535, -632.06229993872, 8.5]
[-125.96606226597417, -631.9634254140987, 8.5]
[-125.59905208392301, -631.8645508894772, 8.5]
[-125.23204190187184, -631.7656763648558, 8.5]
[-125.23204190187184, -631.7656763648558, 8.5]
[-125.23204190187184, -631.7656763648558, 8.5]
[-119.4852989176612, -629.0699317762403, 8.5]
[-113.73855593345056, -626.3741871876247, 8.5]
[-107.99181294923991, -623.6784425990091, 8.5]
[-107.99181294923991, -623.6784425990091, 8.5]
[-107.99181294923991, -623.6784425990091, 8.5]
[-107.67037021196724, -623.7730354409349, 8.5]
[-107.34892747469458, -623.8676282828607, 8.5]
[-107.0274847374219, -623.9622211247864, 8.5]
[-107.0274847374219, -623.9622211247864, 8.5]
[-107.0274847374219, -623.9622211247864, 8.5]
[-103.240391542522, -624.730529779374, 8.5]
[-99.45329834762211, -625.4988384339615, 8.5]
[-95.66620515272221, -626.2671470885491, 8.5]
[-95.66620515272221, -626.2671470885491, 8.5]
[-95.66620515272221, -626.2671470885491, 8.5]
[-95.34217557615058, -626.3418402277993, 8.5]
[-95.01814599957896, -626.4165333670495, 8.5]
[-94.69411642300733, -626.4912265062997, 8.5]
[-94.69411642300733, -626.4912265062997, 8.5]
[-94.69411642300733, -626.4912265062997, 8.5]
[-93.06125462466785, -626.0149270934883, 8.5]
[-91.42839282632836, -625.5386276806768, 8.5]
[-89.79553102798889, -625.0623282678654, 8.5]
[-89.79553102798889, -625.0623282678654, 8.5]
[-89.79553102798889, -625.0623282678654, 8.5]
[-89.50580287200638, -624.7508922430881, 8.5]
[-89.21607471602387, -624.4394562183107, 8.5]
[-88.92634656004137, -624.1280201935334, 8.5]
[-88.92634656004137, -624.1280201935334, 8.5]
[-88.92634656004137, -624.1280201935334, 8.5]
[-88.35049410461096, -623.700745350766, 8.5]
[-87.77464164918055, -623.2734705079987, 8.5]
[-87.19878919375014, -622.8461956652313, 8.5]
[-87.19878919375014, -622.8461956652313, 8.5]
[-87.19878919375014, -622.8461956652313, 8.5]
[-86.62439292140168, -622.421901772558, 8.5]
[-86.0499966490532, -621.9976078798846, 8.5]
[-85.47560037670473, -621.5733139872113, 8.5]
[-85.47560037670473, -621.5733139872113, 8.5]
[-85.47560037670473, -621.5733139872113, 8.5]
[-84.89932932728406, -621.1976489488222, 8.5]
[-84.32305827786338, -620.8219839104331, 8.5]
[-83.74678722844271, -620.446318872044, 8.5]
[-83.74678722844271, -620.446318872044, 8.5]
[-83.74678722844271, -620.446318872044, 8.5]
[-83.1719979244879, -620.0909659514921, 8.5]
[-82.5972086205331, -619.7356130309402, 8.5]
[-82.02241931657828, -619.3802601103882, 8.5]
[-82.02241931657828, -619.3802601103882, 8.5]
[-82.02241931657828, -619.3802601103882, 8.5]
[-81.44717861532551, -619.0478738254452, 8.5]
[-80.87193791407276, -618.7154875405022, 8.5]
[-80.29669721281999, -618.3831012555592, 8.5]
[-80.29669721281999, -618.3831012555592, 8.5]
[-80.29669721281999, -618.3831012555592, 8.5]
[-79.72125004013604, -616.951665963543, 8.5]
[-79.14580286745208, -615.5202306715267, 8.5]
[-78.57035569476812, -614.0887953795105, 8.5]
[-78.57035569476812, -614.0887953795105, 8.5]
[-78.57035569476812, -614.0887953795105, 8.5]
[-78.28026357336834, -613.0392479156936, 8.5]
[-77.99017145196858, -611.9897004518766, 8.5]
[-77.7000793305688, -610.9401529880597, 8.5]
[-77.7000793305688, -610.9401529880597, 8.5]
