[-247.64392959688576, -287.0994314656972, 8.5]
[-247.64392959688576, -287.0994314656972, 8.5]
[-246.78154773146116, -286.2874527071584, 8.5]
[-245.91916586603656, -285.47547394861965, 8.5]
[-245.91916586603656, -285.47547394861965, 8.5]
[-245.91916586603656, -285.47547394861965, 8.5]
[-245.05510690711336, -284.82026975015845, 8.5]
[-244.19104794819015, -284.16506555169724, 8.5]
[-244.19104794819015, -284.16506555169724, 8.5]
[-244.19104794819015, -284.16506555169724, 8.5]
[-243.32861562003447, -283.46710274673035, 8.5]
[-242.4661832918788, -282.76913994176346, 8.5]
[-242.4661832918788, -282.76913994176346, 8.5]
[-242.4661832918788, -282.76913994176346, 8.5]
[-241.6038091749626, -282.1698494889668, 8.5]
[-240.74143505804642, -281.57055903617015, 8.5]
[-240.74143505804642, -281.57055903617015, 8.5]
[-240.74143505804642, -281.57055903617015, 8.5]
[-239.8791175190849, -281.0442007574625, 8.5]
[-239.0167999801234, -280.5178424787548, 8.5]
[-239.0167999801234, -280.5178424787548, 8.5]
[-239.0167999801234, -280.5178424787548, 8.5]
[-238.15445357795676, -280.04459921378384, 8.5]
[-237.29210717579014, -279.5713559488129, 8.5]
[-237.29210717579014, -279.5713559488129, 8.5]
[-237.29210717579014, -279.5713559488129, 8.5]
[-236.4293280977824, -279.13481727499527, 8.5]
[-235.56654901977464, -278.69827860117766, 8.5]
[-235.56654901977464, -278.69827860117766, 8.5]
[-235.56654901977464, -278.69827860117766, 8.5]
[-234.70229062147456, -278.3097124990087, 8.5]
[-233.83803222317445, -277.92114639683973, 8.5]
[-233.83803222317445, -277.92114639683973, 8.5]
[-233.83803222317445, -277.92114639683973, 8.5]
[-232.9743894992539, -277.60313231933543, 8.5]
[-232.11074677533338, -277.2851182418311, 8.5]
[-232.11074677533338, -277.2851182418311, 8.5]
[-232.11074677533338, -277.2851182418311, 8.5]
[-231.2511171292224, -277.0440721586826, 8.5]
[-230.39148748311143, -276.80302607553404, 8.5]
[-230.39148748311143, -276.80302607553404, 8.5]
[-230.39148748311143, -276.80302607553404, 8.5]
[-229.52884806905797, -276.63357988087535, 8.5]
[-228.66620865500454, -276.46413368621666, 8.5]
[-228.66620865500454, -276.46413368621666, 8.5]
[-228.66620865500454, -276.46413368621666, 8.5]
[-227.8026571801257, -276.38603685026396, 8.5]
[-226.93910570524685, -276.30794001431127, 8.5]
[-226.93910570524685, -276.30794001431127, 8.5]
[-226.93910570524685, -276.30794001431127, 8.5]
[-226.07714982430124, -276.2517164793004, 8.5]
[-225.21519394335564, -276.1954929442895, 8.5]
[-225.21519394335564, -276.1954929442895, 8.5]
[-225.21519394335564, -276.1954929442895, 8.5]
[-224.3517800279208, -276.0702559859559, 8.5]
[-223.48836611248595, -275.9450190276223, 8.5]
[-223.48836611248595, -275.9450190276223, 8.5]
[-223.48836611248595, -275.9450190276223, 8.5]
[-222.62823395692902, -275.7683943867684, 8.5]
[-221.76810180137207, -275.5917697459145, 8.5]
[-221.76810180137207, -275.5917697459145, 8.5]
[-221.76810180137207, -275.5917697459145, 8.5]
[-220.90423214719192, -275.5987656386049, 8.5]
[-220.04036249301177, -275.6057615312953, 8.5]
[-220.04036249301177, -275.6057615312953, 8.5]
[-220.04036249301177, -275.6057615312953, 8.5]
[-219.17712709183098, -275.7724919065093, 8.5]
[-218.31389169065017, -275.9392222817233, 8.5]
[-218.31389169065017, -275.9392222817233, 8.5]
[-218.31389169065017, -275.9392222817233, 8.5]
[-217.45353482572693, -275.9591135121411, 8.5]
[-216.5931779608037, -275.97900474255886, 8.5]
[-216.5931779608037, -275.97900474255886, 8.5]
[-216.5931779608037, -275.97900474255886, 8.5]
[-215.72949114746532, -276.05144074377483, 8.5]
[-214.86580433412695, -276.12387674499075, 8.5]
[-214.86580433412695, -276.12387674499075, 8.5]
[-214.86580433412695, -276.12387674499075, 8.5]
[-214.00059816342892, -276.1349668596947, 8.5]
[-213.1353919927309, -276.1460569743987, 8.5]
[-213.1353919927309, -276.1460569743987, 8.5]
[-213.1353919927309, -276.1460569743987, 8.5]
[-212.27378652298802, -276.06410634082994, 8.5]
[-211.41218105324518, -275.9821557072612, 8.5]
[-211.41218105324518, -275.9821557072612, 8.5]
[-211.41218105324518, -275.9821557072612, 8.5]
[-210.5486951488487, -275.8945766347674, 8.5]
[-209.68520924445227, -275.8069975622737, 8.5]
[-209.68520924445227, -275.8069975622737, 8.5]
[-209.68520924445227, -275.8069975622737, 8.5]
[-208.8251978957632, -275.80479437091867, 8.5]
[-207.96518654707413, -275.8025911795636, 8.5]
[-207.96518654707413, -275.8025911795636, 8.5]
[-207.96518654707413, -275.8025911795636, 8.5]
[-207.10229964610528, -275.8476836481094, 8.5]
[-206.23941274513646, -275.89277611665517, 8.5]
[-206.23941274513646, -275.89277611665517, 8.5]
[-206.23941274513646, -275.89277611665517, 8.5]
[-205.37628448352876, -276.03752743807775, 8.5]
[-204.5131562219211, -276.18227875950026, 8.5]
[-204.5131562219211, -276.18227875950026, 8.5]
[-204.5131562219211, -276.18227875950026, 8.5]
[-203.64821759476047, -276.162213430334, 8.5]
[-202.78327896759987, -276.1421481011678, 8.5]
[-202.78327896759987, -276.1421481011678, 8.5]
[-202.78327896759987, -276.1421481011678, 8.5]
[-201.92076636649995, -276.1395740840695, 8.5]
[-201.05825376540002, -276.1370000669713, 8.5]
[-201.05825376540002, -276.1370000669713, 8.5]
[-201.05825376540002, -276.1370000669713, 8.5]
[-200.19548594580203, -275.9372495397662, 8.5]
[-199.33271812620407, -275.73749901256105, 8.5]
[-199.33271812620407, -275.73749901256105, 8.5]
[-199.33271812620407, -275.73749901256105, 8.5]
[-198.4717856475384, -275.3150438619849, 8.5]
[-197.61085316887272, -274.89258871140885, 8.5]
[-197.61085316887272, -274.89258871140885, 8.5]
[-197.61085316887272, -274.89258871140885, 8.5]
[-196.74791951273795, -274.69591722596573, 8.5]
[-195.8849858566032, -274.4992457405226, 8.5]
[-195.8849858566032, -274.4992457405226, 8.5]
[-195.8849858566032, -274.4992457405226, 8.5]
[-195.02284370524575, -274.871980979551, 8.5]
[-194.16070155388832, -275.24471621857936, 8.5]
[-194.16070155388832, -275.24471621857936, 8.5]
[-194.16070155388832, -275.24471621857936, 8.5]
[-193.29639811241515, -274.94931307330495, 8.5]
[-192.43209467094198, -274.65390992803054, 8.5]
[-192.43209467094198, -274.65390992803054, 8.5]
[-192.43209467094198, -274.65390992803054, 8.5]
[-191.57249894532652, -274.3501039835957, 8.5]
[-190.71290321971105, -274.0462980391609, 8.5]
[-190.71290321971105, -274.0462980391609, 8.5]
[-190.71290321971105, -274.0462980391609, 8.5]
[-189.84907616415722, -273.7792420273589, 8.5]
[-188.98524910860343, -273.51218601555695, 8.5]
[-188.98524910860343, -273.51218601555695, 8.5]
[-188.98524910860343, -273.51218601555695, 8.5]
[-188.12369591082086, -273.3338396077352, 8.5]
[-187.26214271303832, -273.15549319991345, 8.5]
[-187.26214271303832, -273.15549319991345, 8.5]
[-187.26214271303832, -273.15549319991345, 8.5]
[-186.39802635994073, -273.0802900195914, 8.5]
[-185.53391000684314, -273.0050868392693, 8.5]
[-185.53391000684314, -273.0050868392693, 8.5]
[-185.53391000684314, -273.0050868392693, 8.5]
[-184.67126153181385, -272.87858837228896, 8.5]
[-183.80861305678457, -272.75208990530854, 8.5]
[-183.80861305678457, -272.75208990530854, 8.5]
[-183.80861305678457, -272.75208990530854, 8.5]
[-182.944336482542, -272.5590899035865, 8.5]
[-182.08005990829946, -272.3660899018644, 8.5]
[-182.08005990829946, -272.3660899018644, 8.5]
[-182.08005990829946, -272.3660899018644, 8.5]
[-181.21773278875162, -272.1396364929609, 8.5]
[-180.3554056692038, -271.9131830840573, 8.5]
[-180.3554056692038, -271.9131830840573, 8.5]
[-180.3554056692038, -271.9131830840573, 8.5]
[-179.49530832450284, -271.6628749846328, 8.5]
[-178.6352109798019, -271.41256688520826, 8.5]
[-178.6352109798019, -271.41256688520826, 8.5]
[-178.6352109798019, -271.41256688520826, 8.5]
[-177.772645253953, -271.1414230093163, 8.5]
[-176.91007952810406, -270.87027913342433, 8.5]
[-176.91007952810406, -270.87027913342433, 8.5]
[-176.91007952810406, -270.87027913342433, 8.5]
[-176.04707760710576, -270.5810638179422, 8.5]
[-175.18407568610746, -270.2918485024601, 8.5]
[-175.18407568610746, -270.2918485024601, 8.5]
[-175.18407568610746, -270.2918485024601, 8.5]
[-174.31913185255158, -269.9847644252743, 8.5]
[-173.4541880189957, -269.67768034808853, 8.5]
[-173.4541880189957, -269.67768034808853, 8.5]
[-173.4541880189957, -269.67768034808853, 8.5]
[-172.59500120448902, -269.3549985442785, 8.5]
[-171.73581438998235, -269.0323167404685, 8.5]
[-171.73581438998235, -269.0323167404685, 8.5]
[-171.73581438998235, -269.0323167404685, 8.5]
[-170.87058927773097, -268.7244145296205, 8.5]
[-170.00536416547956, -268.41651231877245, 8.5]
[-170.00536416547956, -268.41651231877245, 8.5]
[-170.00536416547956, -268.41651231877245, 8.5]
[-169.1446203611482, -268.176227802386, 8.5]
[-168.28387655681684, -267.93594328599954, 8.5]
[-168.28387655681684, -267.93594328599954, 8.5]
[-168.28387655681684, -267.93594328599954, 8.5]
[-167.42038749659997, -267.75833005012544, 8.5]
[-166.55689843638308, -267.5807168142513, 8.5]
[-166.55689843638308, -267.5807168142513, 8.5]
[-166.55689843638308, -267.5807168142513, 8.5]
[-165.69353961234077, -267.4772298489076, 8.5]
[-164.83018078829843, -267.3737428835639, 8.5]
[-164.83018078829843, -267.3737428835639, 8.5]
[-164.83018078829843, -267.3737428835639, 8.5]
[-163.96968879855817, -267.3400712029182, 8.5]
[-163.1091968088179, -267.30639952227244, 8.5]
[-163.1091968088179, -267.30639952227244, 8.5]
[-163.1091968088179, -267.30639952227244, 8.5]
[-161.81923869156307, -267.33196060301486, 8.5]
[-160.52928057430825, -267.3575216837572, 8.5]
[-160.52928057430825, -267.3575216837572, 8.5]
[-160.52928057430825, -267.3575216837572, 8.5]
[-159.66973324805915, -267.1632928383711, 8.5]
[-158.81018592181005, -266.96906399298496, 8.5]
[-158.81018592181005, -266.96906399298496, 8.5]
[-158.81018592181005, -266.96906399298496, 8.5]
[-158.37004450396557, -266.94290975448735, 8.5]
[-157.9299030861211, -266.9167555159897, 8.5]
[-157.9299030861211, -266.9167555159897, 8.5]
[-157.9299030861211, -266.9167555159897, 8.5]
[-157.06629626539637, -266.44863619048164, 8.5]
[-156.20268944467165, -265.9805168649736, 8.5]
[-156.20268944467165, -265.9805168649736, 8.5]
[-156.20268944467165, -265.9805168649736, 8.5]
[-155.34094039342054, -266.3011543531636, 8.5]
[-154.47919134216943, -266.6217918413537, 8.5]
[-154.47919134216943, -266.6217918413537, 8.5]
[-154.47919134216943, -266.6217918413537, 8.5]
[-153.61806140278577, -267.1309757272427, 8.5]
[-152.75693146340214, -267.64015961313174, 8.5]
[-152.75693146340214, -267.64015961313174, 8.5]
[-152.75693146340214, -267.64015961313174, 8.5]
[-151.89251282312102, -268.30105915881217, 8.5]
[-151.02809418283988, -268.9619587044926, 8.5]
[-151.02809418283988, -268.9619587044926, 8.5]
[-151.02809418283988, -268.9619587044926, 8.5]
[-150.16699504857377, -269.6486612145064, 8.5]
[-149.30589591430765, -270.33536372452016, 8.5]
[-149.30589591430765, -270.33536372452016, 8.5]
[-149.30589591430765, -270.33536372452016, 8.5]
[-148.44230376959382, -270.8683813088471, 8.5]
[-147.57871162487996, -271.401398893174, 8.5]
[-147.57871162487996, -271.401398893174, 8.5]
[-147.57871162487996, -271.401398893174, 8.5]
[-146.71501736319044, -271.61227578552746, 8.5]
[-145.8513231015009, -271.82315267788096, 8.5]
[-145.8513231015009, -271.82315267788096, 8.5]
[-145.8513231015009, -271.82315267788096, 8.5]
[-144.989492479559, -272.1058371455074, 8.5]
[-144.1276618576171, -272.3885216131339, 8.5]
[-144.1276618576171, -272.3885216131339, 8.5]
[-144.1276618576171, -272.3885216131339, 8.5]
[-143.26642282629155, -272.85136409229005, 8.5]
[-142.40518379496598, -273.3142065714462, 8.5]
[-142.40518379496598, -273.3142065714462, 8.5]
[-142.40518379496598, -273.3142065714462, 8.5]
[-141.54222432903038, -274.1644657475665, 8.5]
[-140.67926486309477, -275.0147249236868, 8.5]
[-140.67926486309477, -275.0147249236868, 8.5]
[-140.67926486309477, -275.0147249236868, 8.5]
[-139.81409314410342, -275.7210541170287, 8.5]
[-138.94892142511205, -276.4273833103706, 8.5]
[-138.94892142511205, -276.4273833103706, 8.5]
[-138.94892142511205, -276.4273833103706, 8.5]
[-138.08827935971726, -277.90915993866344, 8.5]
[-137.22763729432245, -279.39093656695627, 8.5]
[-137.22763729432245, -279.39093656695627, 8.5]
[-137.22763729432245, -279.39093656695627, 8.5]
[-136.36381330053547, -280.2702793762753, 8.5]
[-135.49998930674852, -281.14962218559435, 8.5]
[-135.49998930674852, -281.14962218559435, 8.5]
[-135.49998930674852, -281.14962218559435, 8.5]
[-134.6404345537906, -281.9301317722267, 8.5]
[-133.78087980083274, -282.710641358859, 8.5]
[-133.78087980083274, -282.710641358859, 8.5]
[-133.78087980083274, -282.710641358859, 8.5]
[-132.49117986609542, -283.93024138150815, 8.5]
[-131.20147993135808, -285.14984140415737, 8.5]
[-131.20147993135808, -285.14984140415737, 8.5]
[-131.20147993135808, -285.14984140415737, 8.5]
[-130.66858794151017, -285.47157992355733, 8.5]
[-130.13569595166223, -285.79331844295723, 8.5]
[-130.13569595166223, -285.79331844295723, 8.5]
[-130.13569595166223, -285.79331844295723, 8.5]
[-129.36805065411454, -287.28362562354397, 8.5]
[-128.60040535656688, -288.7739328041307, 8.5]
[-128.60040535656688, -288.7739328041307, 8.5]
[-128.60040535656688, -288.7739328041307, 8.5]
[-127.7390162299634, -290.82848605546485, 8.5]
[-126.87762710335991, -292.88303930679893, 8.5]
[-126.87762710335991, -292.88303930679893, 8.5]
[-126.87762710335991, -292.88303930679893, 8.5]
[-126.01505805719705, -295.45655088008607, 8.5]
[-125.15248901103419, -298.03006245337326, 8.5]
[-125.15248901103419, -298.03006245337326, 8.5]
[-125.15248901103419, -298.03006245337326, 8.5]
[-124.28931202310343, -298.7231835021417, 8.5]
[-123.42613503517269, -299.4163045509101, 8.5]
[-123.42613503517269, -299.4163045509101, 8.5]
[-123.42613503517269, -299.4163045509101, 8.5]
[-122.56314576694726, -301.3408164647621, 8.5]
[-121.70015649872184, -303.2653283786141, 8.5]
[-121.70015649872184, -303.2653283786141, 8.5]
[-121.70015649872184, -303.2653283786141, 8.5]
[-120.83884238416012, -304.50897742369125, 8.5]
[-119.9775282695984, -305.75262646876837, 8.5]
[-119.9775282695984, -305.75262646876837, 8.5]
[-119.9775282695984, -305.75262646876837, 8.5]
[-119.11344706567752, -306.02367371438993, 8.5]
[-118.24936586175664, -306.29472096001155, 8.5]
[-118.24936586175664, -306.29472096001155, 8.5]
[-118.24936586175664, -306.29472096001155, 8.5]
[-117.38866929771456, -306.268328865019, 8.5]
[-116.52797273367246, -306.2419367700264, 8.5]
[-116.52797273367246, -306.2419367700264, 8.5]
[-116.52797273367246, -306.2419367700264, 8.5]
[-115.66253292537246, -305.8151280670038, 8.5]
[-114.79709311707245, -305.38831936398117, 8.5]
[-114.79709311707245, -305.38831936398117, 8.5]
[-114.79709311707245, -305.38831936398117, 8.5]
[-113.9368109876444, -304.79110225242937, 8.5]
[-113.07652885821638, -304.19388514087757, 8.5]
[-113.07652885821638, -304.19388514087757, 8.5]
[-113.07652885821638, -304.19388514087757, 8.5]
[-112.2142808186183, -303.54401616225744, 8.5]
[-111.35203277902025, -302.8941471836373, 8.5]
[-111.35203277902025, -302.8941471836373, 8.5]
[-111.35203277902025, -302.8941471836373, 8.5]
[-110.48768545278335, -302.2140002698444, 8.5]
[-109.62333812654646, -301.5338533560515, 8.5]
[-109.62333812654646, -301.5338533560515, 8.5]
[-109.62333812654646, -301.5338533560515, 8.5]
[-108.76338046239204, -301.274180073083, 8.5]
[-107.90342279823763, -301.0145067901145, 8.5]
[-107.90342279823763, -301.0145067901145, 8.5]
[-107.90342279823763, -301.0145067901145, 8.5]
[-107.04007883216008, -300.66051446192347, 8.5]
[-106.17673486608251, -300.3065221337324, 8.5]
[-106.17673486608251, -300.3065221337324, 8.5]
[-106.17673486608251, -300.3065221337324, 8.5]
[-105.31442858680602, -300.2068582433831, 8.5]
[-104.45212230752952, -300.10719435303383, 8.5]
[-104.45212230752952, -300.10719435303383, 8.5]
[-104.45212230752952, -300.10719435303383, 8.5]
[-103.58815226586955, -299.9345228163083, 8.5]
[-102.72418222420957, -299.76185127958274, 8.5]
[-102.72418222420957, -299.76185127958274, 8.5]
[-102.72418222420957, -299.76185127958274, 8.5]
[-101.86207694724229, -298.75732023779494, 8.5]
[-100.999971670275, -297.7527891960072, 8.5]
[-100.999971670275, -297.7527891960072, 8.5]
[-100.999971670275, -297.7527891960072, 8.5]
[-100.07784327803134, -297.6554733383497, 8.5]
[-99.15571488578769, -297.5581574806922, 8.5]
[-99.15571488578769, -297.5581574806922, 8.5]
[-99.15571488578769, -297.5581574806922, 8.5]
[-98.35222684000505, -298.01522835011986, 8.5]
[-97.5487387942224, -298.4722992195475, 8.5]
[-97.5487387942224, -298.4722992195475, 8.5]
[-97.5487387942224, -298.4722992195475, 8.5]
[-96.68488805839642, -298.9040442635243, 8.5]
[-95.82103732257045, -299.33578930750116, 8.5]
[-95.82103732257045, -299.33578930750116, 8.5]
[-95.82103732257045, -299.33578930750116, 8.5]
[-94.9604210214535, -299.44848902615274, 8.5]
[-94.09980472033655, -299.5611887448044, 8.5]
[-94.09980472033655, -299.5611887448044, 8.5]
[-94.09980472033655, -299.5611887448044, 8.5]
[-93.23489393018933, -299.69019726489626, 8.5]
[-92.36998314004211, -299.8192057849882, 8.5]
[-92.36998314004211, -299.8192057849882, 8.5]
[-92.36998314004211, -299.8192057849882, 8.5]
[-91.51052148690103, -299.99461928497374, 8.5]
[-90.65105983375994, -300.1700327849593, 8.5]
[-90.65105983375994, -300.1700327849593, 8.5]
[-90.65105983375994, -300.1700327849593, 8.5]
[-89.78545135503066, -300.4385977681305, 8.5]
[-88.91984287630139, -300.70716275130167, 8.5]
[-88.91984287630139, -300.70716275130167, 8.5]
[-88.91984287630139, -300.70716275130167, 8.5]
[-88.06035921396642, -300.73817735116245, 8.5]
[-87.20087555163147, -300.7691919510232, 8.5]
[-87.20087555163147, -300.7691919510232, 8.5]
[-87.20087555163147, -300.7691919510232, 8.5]
[-86.3368842746033, -300.69601054939005, 8.5]
[-85.47289299757516, -300.622829147757, 8.5]
[-85.47289299757516, -300.622829147757, 8.5]
[-85.47289299757516, -300.622829147757, 8.5]
[-84.61140058427674, -300.43151975285895, 8.5]
[-83.74990817097833, -300.2402103579609, 8.5]
[-83.74990817097833, -300.2402103579609, 8.5]
[-83.74990817097833, -300.2402103579609, 8.5]
[-82.88487140363392, -299.90219969289944, 8.5]
[-82.01983463628953, -299.564189027838, 8.5]
[-82.01983463628953, -299.564189027838, 8.5]
[-82.01983463628953, -299.564189027838, 8.5]
[-81.15867919879548, -299.21267456046974, 8.5]
[-80.29752376130142, -298.8611600931015, 8.5]
[-80.29752376130142, -298.8611600931015, 8.5]
[-80.29752376130142, -298.8611600931015, 8.5]
[-79.43323024126704, -296.643669661617, 8.5]
[-78.56893672123266, -294.42617923013256, 8.5]
[-78.56893672123266, -294.42617923013256, 8.5]
[-78.56893672123266, -294.42617923013256, 8.5]
[-78.13455655228665, -293.9306034373217, 8.5]
[-77.70017638334066, -293.43502764451085, 8.5]
[-77.70017638334066, -293.43502764451085, 8.5]
