[-247.64917295454148, -390.3962376384932, 8.5]
[-247.64917295454148, -390.3962376384932, 8.5]
[-246.78682462604348, -389.7637870584435, 8.5]
[-245.92447629754548, -389.1313364783938, 8.5]
[-245.92447629754548, -389.1313364783938, 8.5]
[-245.92447629754548, -389.1313364783938, 8.5]
[-245.06126921588526, -388.7309516165184, 8.5]
[-244.198062134225, -388.330566754643, 8.5]
[-244.198062134225, -388.330566754643, 8.5]
[-244.198062134225, -388.330566754643, 8.5]
[-243.33407888018422, -387.9767351120037, 8.5]
[-242.4700956261434, -387.6229034693645, 8.5]
[-242.4700956261434, -387.6229034693645, 8.5]
[-242.4700956261434, -387.6229034693645, 8.5]
[-241.60804834198524, -387.3293969957088, 8.5]
[-240.74600105782707, -387.03589052205314, 8.5]
[-240.74600105782707, -387.03589052205314, 8.5]
[-240.74600105782707, -387.03589052205314, 8.5]
[-239.88118408263927, -386.8080913263917, 8.5]
[-239.01636710745143, -386.5802921307303, 8.5]
[-239.01636710745143, -386.5802921307303, 8.5]
[-239.01636710745143, -386.5802921307303, 8.5]
[-238.15590153615813, -386.45451070618003, 8.5]
[-237.2954359648648, -386.3287292816297, 8.5]
[-237.2954359648648, -386.3287292816297, 8.5]
[-237.2954359648648, -386.3287292816297, 8.5]
[-236.43218779481083, -386.2393893262355, 8.5]
[-235.56893962475687, -386.1500493708413, 8.5]
[-235.56893962475687, -386.1500493708413, 8.5]
[-235.56893962475687, -386.1500493708413, 8.5]
[-234.7057512557716, -386.1661282115874, 8.5]
[-233.84256288678628, -386.1822070523336, 8.5]
[-233.84256288678628, -386.1822070523336, 8.5]
[-233.84256288678628, -386.1822070523336, 8.5]
[-232.98149001050115, -385.89715414723435, 8.5]
[-232.12041713421598, -385.6121012421351, 8.5]
[-232.12041713421598, -385.6121012421351, 8.5]
[-232.12041713421598, -385.6121012421351, 8.5]
[-231.25656431994946, -385.48697108218516, 8.5]
[-230.39271150568294, -385.3618409222353, 8.5]
[-230.39271150568294, -385.3618409222353, 8.5]
[-230.39271150568294, -385.3618409222353, 8.5]
[-229.5300683505826, -385.3750486194486, 8.5]
[-228.66742519548228, -385.3882563166619, 8.5]
[-228.66742519548228, -385.3882563166619, 8.5]
[-228.66742519548228, -385.3882563166619, 8.5]
[-227.80548339671031, -385.5745233712031, 8.5]
[-226.94354159793832, -385.76079042574435, 8.5]
[-226.94354159793832, -385.76079042574435, 8.5]
[-226.94354159793832, -385.76079042574435, 8.5]
[-226.0803087697276, -385.7803885074617, 8.5]
[-225.21707594151684, -385.79998658917907, 8.5]
[-225.21707594151684, -385.79998658917907, 8.5]
[-225.21707594151684, -385.79998658917907, 8.5]
[-224.35456365476784, -385.8828293143546, 8.5]
[-223.49205136801885, -385.9656720395301, 8.5]
[-223.49205136801885, -385.9656720395301, 8.5]
[-223.49205136801885, -385.9656720395301, 8.5]
[-222.62972452465164, -385.9573849483311, 8.5]
[-221.76739768128442, -385.94909785713213, 8.5]
[-221.76739768128442, -385.94909785713213, 8.5]
[-221.76739768128442, -385.94909785713213, 8.5]
[-220.90399988107066, -385.8451650899701, 8.5]
[-220.0406020808569, -385.74123232280806, 8.5]
[-220.0406020808569, -385.74123232280806, 8.5]
[-220.0406020808569, -385.74123232280806, 8.5]
[-219.17804513572526, -385.6902398367122, 8.5]
[-218.3154881905936, -385.6392473506163, 8.5]
[-218.3154881905936, -385.6392473506163, 8.5]
[-218.3154881905936, -385.6392473506163, 8.5]
[-217.4541432745696, -385.6674864548631, 8.5]
[-216.59279835854556, -385.69572555910986, 8.5]
[-216.59279835854556, -385.69572555910986, 8.5]
[-216.59279835854556, -385.69572555910986, 8.5]
[-215.7289936481699, -385.7728441006418, 8.5]
[-214.86518893779424, -385.84996264217375, 8.5]
[-214.86518893779424, -385.84996264217375, 8.5]
[-214.86518893779424, -385.84996264217375, 8.5]
[-214.0020361971306, -385.96317230956674, 8.5]
[-213.13888345646694, -386.07638197695974, 8.5]
[-213.13888345646694, -386.07638197695974, 8.5]
[-213.13888345646694, -386.07638197695974, 8.5]
[-212.27580910061064, -386.2478982138272, 8.5]
[-211.41273474475435, -386.4194144506947, 8.5]
[-211.41273474475435, -386.4194144506947, 8.5]
[-211.41273474475435, -386.4194144506947, 8.5]
[-210.55044361843244, -386.2920914651397, 8.5]
[-209.68815249211056, -386.16476847958467, 8.5]
[-209.68815249211056, -386.16476847958467, 8.5]
[-209.68815249211056, -386.16476847958467, 8.5]
[-208.82681616531784, -385.8469293931961, 8.5]
[-207.96547983852508, -385.52909030680746, 8.5]
[-207.96547983852508, -385.52909030680746, 8.5]
[-207.96547983852508, -385.52909030680746, 8.5]
[-207.10352767497437, -385.0366182764494, 8.5]
[-206.24157551142366, -384.5441462460914, 8.5]
[-206.24157551142366, -384.5441462460914, 8.5]
[-206.24157551142366, -384.5441462460914, 8.5]
[-205.37732454944552, -384.46403394500567, 8.5]
[-204.51307358746735, -384.38392164392, 8.5]
[-204.51307358746735, -384.38392164392, 8.5]
[-204.51307358746735, -384.38392164392, 8.5]
[-203.65025248961896, -384.66768129282525, 8.5]
[-202.78743139177058, -384.9514409417304, 8.5]
[-202.78743139177058, -384.9514409417304, 8.5]
[-202.78743139177058, -384.9514409417304, 8.5]
[-201.92428705083148, -384.7000754445412, 8.5]
[-201.06114270989235, -384.4487099473519, 8.5]
[-201.06114270989235, -384.4487099473519, 8.5]
[-201.06114270989235, -384.4487099473519, 8.5]
[-200.20026680791824, -384.14100340850746, 8.5]
[-199.3393909059441, -383.83329686966306, 8.5]
[-199.3393909059441, -383.83329686966306, 8.5]
[-199.3393909059441, -383.83329686966306, 8.5]
[-198.47752994355125, -383.5780167500642, 8.5]
[-197.61566898115836, -383.3227366304654, 8.5]
[-197.61566898115836, -383.3227366304654, 8.5]
[-197.61566898115836, -383.3227366304654, 8.5]
[-196.75154875058226, -383.1493075903908, 8.5]
[-195.88742852000615, -382.97587855031617, 8.5]
[-195.88742852000615, -382.97587855031617, 8.5]
[-195.88742852000615, -382.97587855031617, 8.5]
[-195.02655131898047, -382.8918388112959, 8.5]
[-194.16567411795478, -382.8077990722756, 8.5]
[-194.16567411795478, -382.8077990722756, 8.5]
[-194.16567411795478, -382.8077990722756, 8.5]
[-193.30106979446157, -382.6515850281057, 8.5]
[-192.43646547096836, -382.4953709839359, 8.5]
[-192.43646547096836, -382.4953709839359, 8.5]
[-192.43646547096836, -382.4953709839359, 8.5]
[-191.5751359500195, -382.29278080504275, 8.5]
[-190.71380642907064, -382.0901906261496, 8.5]
[-190.71380642907064, -382.0901906261496, 8.5]
[-190.71380642907064, -382.0901906261496, 8.5]
[-189.85056509549324, -381.85980358474046, 8.5]
[-188.98732376191583, -381.62941654333133, 8.5]
[-188.98732376191583, -381.62941654333133, 8.5]
[-188.98732376191583, -381.62941654333133, 8.5]
[-188.1238602600381, -381.3787456746915, 8.5]
[-187.26039675816037, -381.1280748060517, 8.5]
[-187.26039675816037, -381.1280748060517, 8.5]
[-187.26039675816037, -381.1280748060517, 8.5]
[-186.39879983841377, -380.86142971701855, 8.5]
[-185.53720291866716, -380.5947846279854, 8.5]
[-185.53720291866716, -380.5947846279854, 8.5]
[-185.53720291866716, -380.5947846279854, 8.5]
[-184.67427814564144, -380.31307141456784, 8.5]
[-183.8113533726157, -380.0313582011502, 8.5]
[-183.8113533726157, -380.0313582011502, 8.5]
[-183.8113533726157, -380.0313582011502, 8.5]
[-182.9504705190238, -379.7363491312238, 8.5]
[-182.0895876654319, -379.44134006129735, 8.5]
[-182.0895876654319, -379.44134006129735, 8.5]
[-182.0895876654319, -379.44134006129735, 8.5]
[-181.22363664774062, -379.12986401803204, 8.5]
[-180.35768563004933, -378.8183879747667, 8.5]
[-180.35768563004933, -378.8183879747667, 8.5]
[-180.35768563004933, -378.8183879747667, 8.5]
[-179.49664042887997, -378.505070728449, 8.5]
[-178.63559522771058, -378.1917534821314, 8.5]
[-178.63559522771058, -378.1917534821314, 8.5]
[-178.63559522771058, -378.1917534821314, 8.5]
[-177.77319299726332, -377.9132486950601, 8.5]
[-176.91079076681604, -377.63474390798876, 8.5]
[-176.91079076681604, -377.63474390798876, 8.5]
[-176.91079076681604, -377.63474390798876, 8.5]
[-176.047129177557, -377.4551297479379, 8.5]
[-175.18346758829793, -377.27551558788707, 8.5]
[-175.18346758829793, -377.27551558788707, 8.5]
[-175.18346758829793, -377.27551558788707, 8.5]
[-174.3215621133403, -377.20107542609986, 8.5]
[-173.45965663838263, -377.12663526431265, 8.5]
[-173.45965663838263, -377.12663526431265, 8.5]
[-173.45965663838263, -377.12663526431265, 8.5]
[-172.5956979841833, -377.1323366963748, 8.5]
[-171.73173932998395, -377.13803812843696, 8.5]
[-171.73173932998395, -377.13803812843696, 8.5]
[-171.73173932998395, -377.13803812843696, 8.5]
[-170.87206544500856, -377.2793198534015, 8.5]
[-170.0123915600332, -377.42060157836596, 8.5]
[-170.0123915600332, -377.42060157836596, 8.5]
[-170.0123915600332, -377.42060157836596, 8.5]
[-168.84379941017414, -377.22990759620194, 8.5]
[-167.67520726031506, -377.0392136140379, 8.5]
[-167.67520726031506, -377.0392136140379, 8.5]
[-167.67520726031506, -377.0392136140379, 8.5]
[-167.11665546858126, -376.9201844677484, 8.5]
[-166.55810367684745, -376.80115532145885, 8.5]
[-166.55810367684745, -376.80115532145885, 8.5]
[-166.55810367684745, -376.80115532145885, 8.5]
[-165.69588880359726, -376.4399232914962, 8.5]
[-164.83367393034706, -376.07869126153355, 8.5]
[-164.83367393034706, -376.07869126153355, 8.5]
[-164.83367393034706, -376.07869126153355, 8.5]
[-163.96985055409021, -376.28692727775996, 8.5]
[-163.10602717783337, -376.49516329398637, 8.5]
[-163.10602717783337, -376.49516329398637, 8.5]
[-163.10602717783337, -376.49516329398637, 8.5]
[-162.24345035645058, -377.04375812038995, 8.5]
[-161.38087353506776, -377.59235294679354, 8.5]
[-161.38087353506776, -377.59235294679354, 8.5]
[-161.38087353506776, -377.59235294679354, 8.5]
[-160.51929493804624, -378.2663285161813, 8.5]
[-159.6577163410247, -378.9403040855691, 8.5]
[-159.6577163410247, -378.9403040855691, 8.5]
[-159.6577163410247, -378.9403040855691, 8.5]
[-158.79475465857513, -379.7367062279627, 8.5]
[-157.93179297612554, -380.53310837035633, 8.5]
[-157.93179297612554, -380.53310837035633, 8.5]
[-157.93179297612554, -380.53310837035633, 8.5]
[-156.64574719812327, -381.0311926460283, 8.5]
[-155.35970142012098, -381.5292769217002, 8.5]
[-155.35970142012098, -381.5292769217002, 8.5]
[-155.35970142012098, -381.5292769217002, 8.5]
[-154.9190540780238, -381.6181369558335, 8.5]
[-154.47840673592663, -381.70699698996674, 8.5]
[-154.47840673592663, -381.70699698996674, 8.5]
[-154.47840673592663, -381.70699698996674, 8.5]
[-153.61566231074073, -381.96360455739375, 8.5]
[-152.75291788555487, -382.22021212482076, 8.5]
[-152.75291788555487, -382.22021212482076, 8.5]
[-152.75291788555487, -382.22021212482076, 8.5]
[-151.89270961113345, -382.84830927810833, 8.5]
[-151.03250133671202, -383.47640643139596, 8.5]
[-151.03250133671202, -383.47640643139596, 8.5]
[-151.03250133671202, -383.47640643139596, 8.5]
[-150.16832761299693, -384.19052346901697, 8.5]
[-149.30415388928185, -384.90464050663803, 8.5]
[-149.30415388928185, -384.90464050663803, 8.5]
[-149.30415388928185, -384.90464050663803, 8.5]
[-148.44203469255052, -385.6678072743131, 8.5]
[-147.5799154958192, -386.43097404198807, 8.5]
[-147.5799154958192, -386.43097404198807, 8.5]
[-147.5799154958192, -386.43097404198807, 8.5]
[-146.7175849434885, -388.09038000710007, 8.5]
[-145.8552543911578, -389.7497859722121, 8.5]
[-145.8552543911578, -389.7497859722121, 8.5]
[-145.8552543911578, -389.7497859722121, 8.5]
[-144.99207786699702, -390.5696581489297, 8.5]
[-144.12890134283623, -391.3895303256473, 8.5]
[-144.12890134283623, -391.3895303256473, 8.5]
[-144.12890134283623, -391.3895303256473, 8.5]
[-143.26621777124072, -392.25798730265706, 8.5]
[-142.4035341996452, -393.1264442796669, 8.5]
[-142.4035341996452, -393.1264442796669, 8.5]
[-142.4035341996452, -393.1264442796669, 8.5]
[-141.14414594667105, -394.078848307501, 8.5]
[-139.88475769369688, -395.0312523353351, 8.5]
[-139.88475769369688, -395.0312523353351, 8.5]
[-139.88475769369688, -395.0312523353351, 8.5]
[-139.42022696506606, -395.43859068143337, 8.5]
[-138.95569623643524, -395.8459290275316, 8.5]
[-138.95569623643524, -395.8459290275316, 8.5]
[-138.95569623643524, -395.8459290275316, 8.5]
[-138.09270169832803, -397.5613068235367, 8.5]
[-137.22970716022084, -399.27668461954175, 8.5]
[-137.22970716022084, -399.27668461954175, 8.5]
[-137.22970716022084, -399.27668461954175, 8.5]
[-136.36790351021236, -401.40568522863566, 8.5]
[-135.50609986020388, -403.5346858377295, 8.5]
[-135.50609986020388, -403.5346858377295, 8.5]
[-135.50609986020388, -403.5346858377295, 8.5]
[-134.40919320096162, -405.7363132206839, 8.5]
[-133.31228654171935, -407.93794060363825, 8.5]
[-133.31228654171935, -407.93794060363825, 8.5]
[-133.31228654171935, -407.93794060363825, 8.5]
[-132.6834208261056, -409.65564328930714, 8.5]
[-132.0545551104918, -411.373345974976, 8.5]
[-132.0545551104918, -411.373345974976, 8.5]
[-132.0545551104918, -411.373345974976, 8.5]
[-131.19246982135394, -413.0923670502012, 8.5]
[-130.33038453221607, -414.81138812542633, 8.5]
[-130.33038453221607, -414.81138812542633, 8.5]
[-130.33038453221607, -414.81138812542633, 8.5]
[-129.46568829291542, -415.25763727098297, 8.5]
[-128.60099205361476, -415.7038864165396, 8.5]
[-128.60099205361476, -415.7038864165396, 8.5]
[-128.60099205361476, -415.7038864165396, 8.5]
[-127.73795450683755, -415.99737769290095, 8.5]
[-126.87491696006036, -416.29086896926236, 8.5]
[-126.87491696006036, -416.29086896926236, 8.5]
[-126.87491696006036, -416.29086896926236, 8.5]
[-126.01556287828808, -416.12052294246246, 8.5]
[-125.15620879651581, -415.9501769156626, 8.5]
[-125.15620879651581, -415.9501769156626, 8.5]
[-125.15620879651581, -415.9501769156626, 8.5]
[-124.29161253760985, -415.45460307671175, 8.5]
[-123.42701627870389, -414.9590292377609, 8.5]
[-123.42701627870389, -414.9590292377609, 8.5]
[-123.42701627870389, -414.9590292377609, 8.5]
[-122.56682077036126, -414.3545470384854, 8.5]
[-121.70662526201865, -413.7500648392099, 8.5]
[-121.70662526201865, -413.7500648392099, 8.5]
[-121.70662526201865, -413.7500648392099, 8.5]
[-120.84079113467072, -413.13864342947454, 8.5]
[-119.97495700732281, -412.52722201973916, 8.5]
[-119.97495700732281, -412.52722201973916, 8.5]
[-119.97495700732281, -412.52722201973916, 8.5]
[-119.1217129489772, -411.90053742241054, 8.5]
[-118.26846889063158, -411.2738528250819, 8.5]
[-118.26846889063158, -411.2738528250819, 8.5]
[-118.26846889063158, -411.2738528250819, 8.5]
[-117.39851836650249, -410.97436189026297, 8.5]
[-116.52856784237338, -410.674870955444, 8.5]
[-116.52856784237338, -410.674870955444, 8.5]
[-116.52856784237338, -410.674870955444, 8.5]
[-115.66644404327678, -410.32453058203123, 8.5]
[-114.80432024418019, -409.97419020861844, 8.5]
[-114.80432024418019, -409.97419020861844, 8.5]
[-114.80432024418019, -409.97419020861844, 8.5]
[-113.93839733985158, -409.9127864586538, 8.5]
[-113.07247443552296, -409.85138270868913, 8.5]
[-113.07247443552296, -409.85138270868913, 8.5]
[-113.07247443552296, -409.85138270868913, 8.5]
[-112.21105047240212, -409.7077216123307, 8.5]
[-111.3496265092813, -409.5640605159723, 8.5]
[-111.3496265092813, -409.5640605159723, 8.5]
[-111.3496265092813, -409.5640605159723, 8.5]
[-110.49860614649052, -408.40289541469883, 8.5]
[-109.64758578369974, -407.2417303134253, 8.5]
[-109.64758578369974, -407.2417303134253, 8.5]
[-109.64758578369974, -407.2417303134253, 8.5]
[-108.77467045218364, -407.2531346197661, 8.5]
[-107.90175512066756, -407.26453892610687, 8.5]
[-107.90175512066756, -407.26453892610687, 8.5]
[-107.90175512066756, -407.26453892610687, 8.5]
[-107.03814901510401, -408.07064453459134, 8.5]
[-106.17454290954046, -408.8767501430758, 8.5]
[-106.17454290954046, -408.8767501430758, 8.5]
[-106.17454290954046, -408.8767501430758, 8.5]
[-105.31245062986153, -409.120825101529, 8.5]
[-104.45035835018258, -409.36490005998223, 8.5]
[-104.45035835018258, -409.36490005998223, 8.5]
[-104.45035835018258, -409.36490005998223, 8.5]
[-103.58870568764735, -409.34266867987566, 8.5]
[-102.72705302511213, -409.3204372997691, 8.5]
[-102.72705302511213, -409.3204372997691, 8.5]
[-102.72705302511213, -409.3204372997691, 8.5]
[-101.86278040298568, -409.4490444319783, 8.5]
[-100.99850778085923, -409.5776515641875, 8.5]
[-100.99850778085923, -409.5776515641875, 8.5]
[-100.99850778085923, -409.5776515641875, 8.5]
[-100.13655491847878, -409.8655101785396, 8.5]
[-99.27460205609833, -410.1533687928916, 8.5]
[-99.27460205609833, -410.1533687928916, 8.5]
[-99.27460205609833, -410.1533687928916, 8.5]
[-98.41145063318216, -410.3866579287329, 8.5]
[-97.54829921026598, -410.61994706457415, 8.5]
[-97.54829921026598, -410.61994706457415, 8.5]
[-97.54829921026598, -410.61994706457415, 8.5]
[-96.684499493074, -410.6673116767311, 8.5]
[-95.82069977588202, -410.7146762888881, 8.5]
[-95.82069977588202, -410.7146762888881, 8.5]
[-95.82069977588202, -410.7146762888881, 8.5]
[-94.9593107382668, -410.60493706381726, 8.5]
[-94.09792170065157, -410.49519783874644, 8.5]
[-94.09792170065157, -410.49519783874644, 8.5]
[-94.09792170065157, -410.49519783874644, 8.5]
[-93.23444987204962, -410.2221403324197, 8.5]
[-92.37097804344769, -409.94908282609305, 8.5]
[-92.37097804344769, -409.94908282609305, 8.5]
[-92.37097804344769, -409.94908282609305, 8.5]
[-91.50783623489313, -409.60536846286266, 8.5]
[-90.64469442633857, -409.2616540996323, 8.5]
[-90.64469442633857, -409.2616540996323, 8.5]
[-90.64469442633857, -409.2616540996323, 8.5]
[-89.78402465399816, -408.8655345219077, 8.5]
[-88.92335488165774, -408.4694149441831, 8.5]
[-88.92335488165774, -408.4694149441831, 8.5]
[-88.92335488165774, -408.4694149441831, 8.5]
[-88.06162447663218, -407.8399874829268, 8.5]
[-87.19989407160661, -407.2105600216705, 8.5]
[-87.19989407160661, -407.2105600216705, 8.5]
[-87.19989407160661, -407.2105600216705, 8.5]
[-86.33679225838675, -406.5717216430962, 8.5]
[-85.4736904451669, -405.93288326452193, 8.5]
[-85.4736904451669, -405.93288326452193, 8.5]
[-85.4736904451669, -405.93288326452193, 8.5]
[-84.60988427445056, -405.48375787355496, 8.5]
[-83.74607810373425, -405.03463248258794, 8.5]
[-83.74607810373425, -405.03463248258794, 8.5]
[-83.74607810373425, -405.03463248258794, 8.5]
[-82.88505501269898, -404.43971580598225, 8.5]
[-82.02403192166372, -403.8447991293765, 8.5]
[-82.02403192166372, -403.8447991293765, 8.5]
[-82.02403192166372, -403.8447991293765, 8.5]
[-81.15952397580492, -403.2984941325948, 8.5]
[-80.29501602994613, -402.75218913581307, 8.5]
[-80.29501602994613, -402.75218913581307, 8.5]
[-80.29501602994613, -402.75218913581307, 8.5]
[-79.43136739142109, -400.8674310871847, 8.5]
[-78.56771875289606, -398.9826730385563, 8.5]
[-78.56771875289606, -398.9826730385563, 8.5]
[-78.56771875289606, -398.9826730385563, 8.5]
[-78.13392820229447, -401.2157469806021, 8.5]
[-77.7001376516929, -403.4488209226479, 8.5]
[-77.7001376516929, -403.4488209226479, 8.5]
