[-247.6469389188913, -72.46758998824595, 8.5]
[-247.6469389188913, -72.46758998824595, 8.5]
[-246.78386863210807, -71.65706760788939, 8.5]
[-245.9207983453248, -70.84654522753284, 8.5]
[-245.9207983453248, -70.84654522753284, 8.5]
[-245.9207983453248, -70.84654522753284, 8.5]
[-245.0595472531898, -70.29029913416386, 8.5]
[-244.19829616105483, -69.73405304079489, 8.5]
[-244.19829616105483, -69.73405304079489, 8.5]
[-244.19829616105483, -69.73405304079489, 8.5]
[-243.3344458252655, -69.24357357147753, 8.5]
[-242.47059548947618, -68.75309410216016, 8.5]
[-242.47059548947618, -68.75309410216016, 8.5]
[-242.47059548947618, -68.75309410216016, 8.5]
[-241.60577503726583, -68.3105754609389, 8.5]
[-240.74095458505548, -67.86805681971765, 8.5]
[-240.74095458505548, -67.86805681971765, 8.5]
[-240.74095458505548, -67.86805681971765, 8.5]
[-239.8808291841305, -67.48935886650006, 8.5]
[-239.02070378320553, -67.11066091328246, 8.5]
[-239.02070378320553, -67.11066091328246, 8.5]
[-239.02070378320553, -67.11066091328246, 8.5]
[-238.15780775126052, -66.79616063640132, 8.5]
[-237.2949117193155, -66.48166035952019, 8.5]
[-237.2949117193155, -66.48166035952019, 8.5]
[-237.2949117193155, -66.48166035952019, 8.5]
[-236.430231831692, -66.22700819487964, 8.5]
[-235.5655519440685, -65.9723560302391, 8.5]
[-235.5655519440685, -65.9723560302391, 8.5]
[-235.5655519440685, -65.9723560302391, 8.5]
[-234.70555931698277, -65.77236680517879, 8.5]
[-233.84556668989705, -65.5723775801185, 8.5]
[-233.84556668989705, -65.5723775801185, 8.5]
[-233.84556668989705, -65.5723775801185, 8.5]
[-232.98192551043866, -65.42702579434427, 8.5]
[-232.11828433098026, -65.28167400857006, 8.5]
[-232.11828433098026, -65.28167400857006, 8.5]
[-232.11828433098026, -65.28167400857006, 8.5]
[-231.25447632778568, -65.21935732718042, 8.5]
[-230.3906683245911, -65.15704064579077, 8.5]
[-230.3906683245911, -65.15704064579077, 8.5]
[-230.3906683245911, -65.15704064579077, 8.5]
[-229.53114395379646, -65.09419872680914, 8.5]
[-228.67161958300184, -65.03135680782749, 8.5]
[-228.67161958300184, -65.03135680782749, 8.5]
[-228.67161958300184, -65.03135680782749, 8.5]
[-227.80923987858012, -64.83765521009374, 8.5]
[-226.94686017415842, -64.64395361236001, 8.5]
[-226.94686017415842, -64.64395361236001, 8.5]
[-226.94686017415842, -64.64395361236001, 8.5]
[-226.08291844032078, -64.61660853808309, 8.5]
[-225.21897670648318, -64.58926346380616, 8.5]
[-225.21897670648318, -64.58926346380616, 8.5]
[-225.21897670648318, -64.58926346380616, 8.5]
[-224.35643519245536, -64.68574576884824, 8.5]
[-223.49389367842753, -64.78222807389031, 8.5]
[-223.49389367842753, -64.78222807389031, 8.5]
[-223.49389367842753, -64.78222807389031, 8.5]
[-222.62943065756986, -64.86513746402231, 8.5]
[-221.76496763671216, -64.94804685415431, 8.5]
[-221.76496763671216, -64.94804685415431, 8.5]
[-221.76496763671216, -64.94804685415431, 8.5]
[-220.9048866963501, -64.95881889776612, 8.5]
[-220.04480575598802, -64.96959094137793, 8.5]
[-220.04480575598802, -64.96959094137793, 8.5]
[-220.04480575598802, -64.96959094137793, 8.5]
[-219.1812774516026, -65.00463100175506, 8.5]
[-218.31774914721717, -65.03967106213217, 8.5]
[-218.31774914721717, -65.03967106213217, 8.5]
[-218.31774914721717, -65.03967106213217, 8.5]
[-217.4548469538164, -64.98964901413586, 8.5]
[-216.59194476041563, -64.93962696613954, 8.5]
[-216.59194476041563, -64.93962696613954, 8.5]
[-216.59194476041563, -64.93962696613954, 8.5]
[-215.72893495693782, -64.82369544311379, 8.5]
[-214.86592515346, -64.70776392008806, 8.5]
[-214.86592515346, -64.70776392008806, 8.5]
[-214.86592515346, -64.70776392008806, 8.5]
[-214.00406053609316, -64.67057906272447, 8.5]
[-213.14219591872634, -64.6333942053609, 8.5]
[-213.14219591872634, -64.6333942053609, 8.5]
[-213.14219591872634, -64.6333942053609, 8.5]
[-212.27949564862712, -64.65686152797963, 8.5]
[-211.41679537852792, -64.68032885059837, 8.5]
[-211.41679537852792, -64.68032885059837, 8.5]
[-211.41679537852792, -64.68032885059837, 8.5]
[-210.5522784257057, -64.81057704254471, 8.5]
[-209.6877614728835, -64.94082523449104, 8.5]
[-209.6877614728835, -64.94082523449104, 8.5]
[-209.6877614728835, -64.94082523449104, 8.5]
[-208.82515297628376, -65.00650794001749, 8.5]
[-207.96254447968403, -65.07219064554393, 8.5]
[-207.96254447968403, -65.07219064554393, 8.5]
[-207.96254447968403, -65.07219064554393, 8.5]
[-207.09955545369306, -64.99597317502308, 8.5]
[-206.2365664277021, -64.91975570450224, 8.5]
[-206.2365664277021, -64.91975570450224, 8.5]
[-206.2365664277021, -64.91975570450224, 8.5]
[-205.376473165155, -64.75123519559665, 8.5]
[-204.51637990260792, -64.58271468669105, 8.5]
[-204.51637990260792, -64.58271468669105, 8.5]
[-204.51637990260792, -64.58271468669105, 8.5]
[-203.65257973973226, -64.29071653367248, 8.5]
[-202.7887795768566, -63.99871838065391, 8.5]
[-202.7887795768566, -63.99871838065391, 8.5]
[-202.7887795768566, -63.99871838065391, 8.5]
[-202.04427798437, -63.76840374151408, 8.5]
[-201.2997763918834, -63.538089102374244, 8.5]
[-201.2997763918834, -63.538089102374244, 8.5]
[-201.2997763918834, -63.538089102374244, 8.5]
[-200.31907415616047, -63.43269337576214, 8.5]
[-199.3383719204375, -63.32729764915004, 8.5]
[-199.3383719204375, -63.32729764915004, 8.5]
[-199.3383719204375, -63.32729764915004, 8.5]
[-198.47784247534332, -63.43224040872596, 8.5]
[-197.6173130302491, -63.53718316830188, 8.5]
[-197.6173130302491, -63.53718316830188, 8.5]
[-197.6173130302491, -63.53718316830188, 8.5]
[-196.7513484481221, -63.26544787622397, 8.5]
[-195.88538386599504, -62.99371258414606, 8.5]
[-195.88538386599504, -62.99371258414606, 8.5]
[-195.88538386599504, -62.99371258414606, 8.5]
[-195.0247314249264, -62.745228813339395, 8.5]
[-194.16407898385773, -62.49674504253272, 8.5]
[-194.16407898385773, -62.49674504253272, 8.5]
[-194.16407898385773, -62.49674504253272, 8.5]
[-193.30088649623298, -62.28237938191327, 8.5]
[-192.43769400860822, -62.068013721293816, 8.5]
[-192.43769400860822, -62.068013721293816, 8.5]
[-192.43769400860822, -62.068013721293816, 8.5]
[-191.57559857413588, -62.021400939286714, 8.5]
[-190.71350313966354, -61.97478815727961, 8.5]
[-190.71350313966354, -61.97478815727961, 8.5]
[-190.71350313966354, -61.97478815727961, 8.5]
[-189.85101828328737, -61.860858907110995, 8.5]
[-188.98853342691118, -61.74692965694238, 8.5]
[-188.98853342691118, -61.74692965694238, 8.5]
[-188.98853342691118, -61.74692965694238, 8.5]
[-188.12672494208897, -61.556714477609304, 8.5]
[-187.2649164572668, -61.36649929827624, 8.5]
[-187.2649164572668, -61.36649929827624, 8.5]
[-187.2649164572668, -61.36649929827624, 8.5]
[-186.39940997534703, -61.14045730660135, 8.5]
[-185.53390349342726, -60.91441531492646, 8.5]
[-185.53390349342726, -60.91441531492646, 8.5]
[-185.53390349342726, -60.91441531492646, 8.5]
[-184.6738980344444, -60.66494121673709, 8.5]
[-183.81389257546152, -60.415467118547724, 8.5]
[-183.81389257546152, -60.415467118547724, 8.5]
[-183.81389257546152, -60.415467118547724, 8.5]
[-182.95047391134796, -60.1450146130479, 8.5]
[-182.0870552472344, -59.87456210754807, 8.5]
[-182.0870552472344, -59.87456210754807, 8.5]
[-182.0870552472344, -59.87456210754807, 8.5]
[-181.224351490045, -59.587069460178256, 8.5]
[-180.3616477328556, -59.29957681280844, 8.5]
[-180.3616477328556, -59.29957681280844, 8.5]
[-180.3616477328556, -59.29957681280844, 8.5]
[-179.4985980926212, -58.9963474331977, 8.5]
[-178.6355484523868, -58.69311805358695, 8.5]
[-178.6355484523868, -58.69311805358695, 8.5]
[-178.6355484523868, -58.69311805358695, 8.5]
[-177.77173003138967, -58.37460423674342, 8.5]
[-176.90791161039255, -58.056090419899895, 8.5]
[-176.90791161039255, -58.056090419899895, 8.5]
[-176.90791161039255, -58.056090419899895, 8.5]
[-176.04655549153017, -57.754994851737465, 8.5]
[-175.1851993726678, -57.45389928357504, 8.5]
[-175.1851993726678, -57.45389928357504, 8.5]
[-175.1851993726678, -57.45389928357504, 8.5]
[-174.32414320084797, -57.1913716029307, 8.5]
[-173.46308702902815, -56.92884392228636, 8.5]
[-173.46308702902815, -56.92884392228636, 8.5]
[-173.46308702902815, -56.92884392228636, 8.5]
[-172.6001401026597, -56.734465423500694, 8.5]
[-171.73719317629127, -56.54008692471502, 8.5]
[-171.73719317629127, -56.54008692471502, 8.5]
[-171.73719317629127, -56.54008692471502, 8.5]
[-170.87325436045415, -56.44243226300492, 8.5]
[-170.009315544617, -56.34477760129482, 8.5]
[-170.009315544617, -56.34477760129482, 8.5]
[-170.009315544617, -56.34477760129482, 8.5]
[-169.14631675674048, -56.31664752513351, 8.5]
[-168.28331796886397, -56.2885174489722, 8.5]
[-168.28331796886397, -56.2885174489722, 8.5]
[-168.28331796886397, -56.2885174489722, 8.5]
[-167.4203782117037, -56.225734907207155, 8.5]
[-166.55743845454344, -56.16295236544211, 8.5]
[-166.55743845454344, -56.16295236544211, 8.5]
[-166.55743845454344, -56.16295236544211, 8.5]
[-165.69566112780197, -55.97009901280875, 8.5]
[-164.8338838010605, -55.777245660175396, 8.5]
[-164.8338838010605, -55.777245660175396, 8.5]
[-164.8338838010605, -55.777245660175396, 8.5]
[-163.97114681141977, -55.77361770405045, 8.5]
[-163.10840982177905, -55.769989747925514, 8.5]
[-163.10840982177905, -55.769989747925514, 8.5]
[-163.10840982177905, -55.769989747925514, 8.5]
[-162.24673867348116, -55.77233257455358, 8.5]
[-161.3850675251833, -55.774675401181646, 8.5]
[-161.3850675251833, -55.774675401181646, 8.5]
[-161.3850675251833, -55.774675401181646, 8.5]
[-160.52391834515615, -55.580712087324045, 8.5]
[-159.662769165129, -55.38674877346645, 8.5]
[-159.662769165129, -55.38674877346645, 8.5]
[-159.662769165129, -55.38674877346645, 8.5]
[-158.79758424545764, -55.863203371576574, 8.5]
[-157.93239932578632, -56.3396579696867, 8.5]
[-157.93239932578632, -56.3396579696867, 8.5]
[-157.93239932578632, -56.3396579696867, 8.5]
[-157.07129933029327, -56.917214776423904, 8.5]
[-156.21019933480022, -57.4947715831611, 8.5]
[-156.21019933480022, -57.4947715831611, 8.5]
[-156.21019933480022, -57.4947715831611, 8.5]
[-155.34549542334597, -58.09290529242955, 8.5]
[-154.4807915118917, -58.691039001698, 8.5]
[-154.4807915118917, -58.691039001698, 8.5]
[-154.4807915118917, -58.691039001698, 8.5]
[-153.61889542075284, -59.24928431002551, 8.5]
[-152.75699932961396, -59.807529618353016, 8.5]
[-152.75699932961396, -59.807529618353016, 8.5]
[-152.75699932961396, -59.807529618353016, 8.5]
[-151.89409708219438, -60.201957557894055, 8.5]
[-151.0311948347748, -60.596385497435094, 8.5]
[-151.0311948347748, -60.596385497435094, 8.5]
[-151.0311948347748, -60.596385497435094, 8.5]
[-150.16718236711145, -60.95607550275537, 8.5]
[-149.3031698994481, -61.31576550807564, 8.5]
[-149.3031698994481, -61.31576550807564, 8.5]
[-149.3031698994481, -61.31576550807564, 8.5]
[-148.4422747735244, -61.70572838888515, 8.5]
[-147.58137964760067, -62.09569126969465, 8.5]
[-147.58137964760067, -62.09569126969465, 8.5]
[-147.58137964760067, -62.09569126969465, 8.5]
[-146.71965456341684, -62.70933614112489, 8.5]
[-145.85792947923298, -63.32298101255513, 8.5]
[-145.85792947923298, -63.32298101255513, 8.5]
[-145.85792947923298, -63.32298101255513, 8.5]
[-144.99232560119216, -64.28469733907485, 8.5]
[-144.12672172315135, -65.24641366559456, 8.5]
[-144.12672172315135, -65.24641366559456, 8.5]
[-144.12672172315135, -65.24641366559456, 8.5]
[-143.26606055490794, -66.18474277403583, 8.5]
[-142.4053993866645, -67.12307188247709, 8.5]
[-142.4053993866645, -67.12307188247709, 8.5]
[-142.4053993866645, -67.12307188247709, 8.5]
[-141.54359925890807, -68.1459841198247, 8.5]
[-140.68179913115165, -69.16889635717233, 8.5]
[-140.68179913115165, -69.16889635717233, 8.5]
[-140.68179913115165, -69.16889635717233, 8.5]
[-139.81898305681608, -69.95532463769524, 8.5]
[-138.9561669824805, -70.74175291821814, 8.5]
[-138.9561669824805, -70.74175291821814, 8.5]
[-138.9561669824805, -70.74175291821814, 8.5]
[-137.66721079976605, -72.43693908616254, 8.5]
[-136.37825461705157, -74.13212525410692, 8.5]
[-136.37825461705157, -74.13212525410692, 8.5]
[-136.37825461705157, -74.13212525410692, 8.5]
[-135.82421199113884, -74.5144537568687, 8.5]
[-135.27016936522614, -74.8967822596305, 8.5]
[-135.27016936522614, -74.8967822596305, 8.5]
[-135.27016936522614, -74.8967822596305, 8.5]
[-134.52518437596612, -76.05727086142545, 8.5]
[-133.7801993867061, -77.21775946322042, 8.5]
[-133.7801993867061, -77.21775946322042, 8.5]
[-133.7801993867061, -77.21775946322042, 8.5]
[-132.91762472434465, -78.88133154457807, 8.5]
[-132.0550500619832, -80.54490362593575, 8.5]
[-132.0550500619832, -80.54490362593575, 8.5]
[-132.0550500619832, -80.54490362593575, 8.5]
[-131.19245610308312, -82.59191038869801, 8.5]
[-130.32986214418304, -84.63891715146028, 8.5]
[-130.32986214418304, -84.63891715146028, 8.5]
[-130.32986214418304, -84.63891715146028, 8.5]
[-129.46746066390173, -86.43547547465126, 8.5]
[-128.60505918362043, -88.23203379784223, 8.5]
[-128.60505918362043, -88.23203379784223, 8.5]
[-128.60505918362043, -88.23203379784223, 8.5]
[-127.74197436067799, -88.67140420678456, 8.5]
[-126.87888953773555, -89.1107746157269, 8.5]
[-126.87888953773555, -89.1107746157269, 8.5]
[-126.87888953773555, -89.1107746157269, 8.5]
[-126.01818499056216, -91.05781473971538, 8.5]
[-125.15748044338878, -93.00485486370388, 8.5]
[-125.15748044338878, -93.00485486370388, 8.5]
[-125.15748044338878, -93.00485486370388, 8.5]
[-124.29188678762637, -93.85889594677755, 8.5]
[-123.42629313186394, -94.71293702985122, 8.5]
[-123.42629313186394, -94.71293702985122, 8.5]
[-123.42629313186394, -94.71293702985122, 8.5]
[-122.56372698490853, -94.86918484334527, 8.5]
[-121.7011608379531, -95.02543265683931, 8.5]
[-121.7011608379531, -95.02543265683931, 8.5]
[-121.7011608379531, -95.02543265683931, 8.5]
[-120.84173110386163, -94.77150946941157, 8.5]
[-119.98230136977017, -94.51758628198382, 8.5]
[-119.98230136977017, -94.51758628198382, 8.5]
[-119.98230136977017, -94.51758628198382, 8.5]
[-119.11864896530112, -94.01629739018449, 8.5]
[-118.25499656083207, -93.51500849838517, 8.5]
[-118.25499656083207, -93.51500849838517, 8.5]
[-118.25499656083207, -93.51500849838517, 8.5]
[-117.39227314923228, -92.8305506647502, 8.5]
[-116.5295497376325, -92.14609283111523, 8.5]
[-116.5295497376325, -92.14609283111523, 8.5]
[-116.5295497376325, -92.14609283111523, 8.5]
[-115.66535332922336, -91.50314303243613, 8.5]
[-114.80115692081424, -90.86019323375702, 8.5]
[-114.80115692081424, -90.86019323375702, 8.5]
[-114.80115692081424, -90.86019323375702, 8.5]
[-113.94054084118605, -90.4626269843659, 8.5]
[-113.07992476155786, -90.06506073497476, 8.5]
[-113.07992476155786, -90.06506073497476, 8.5]
[-113.07992476155786, -90.06506073497476, 8.5]
[-112.21690709408438, -89.7603245098202, 8.5]
[-111.35388942661088, -89.45558828466562, 8.5]
[-111.35388942661088, -89.45558828466562, 8.5]
[-111.35388942661088, -89.45558828466562, 8.5]
[-110.49258611217266, -89.20858240886545, 8.5]
[-109.63128279773446, -88.96157653306528, 8.5]
[-109.63128279773446, -88.96157653306528, 8.5]
[-109.63128279773446, -88.96157653306528, 8.5]
[-108.76590040980525, -88.70362226294927, 8.5]
[-107.90051802187605, -88.44566799283325, 8.5]
[-107.90051802187605, -88.44566799283325, 8.5]
[-107.90051802187605, -88.44566799283325, 8.5]
[-107.03872752789852, -87.62044805001418, 8.5]
[-106.17693703392098, -86.79522810719511, 8.5]
[-106.17693703392098, -86.79522810719511, 8.5]
[-106.17693703392098, -86.79522810719511, 8.5]
[-105.46503546048844, -86.65110475826691, 8.5]
[-104.7531338870559, -86.50698140933872, 8.5]
[-104.7531338870559, -86.50698140933872, 8.5]
[-104.7531338870559, -86.50698140933872, 8.5]
[-103.74065956501711, -86.54945699067697, 8.5]
[-102.72818524297833, -86.59193257201522, 8.5]
[-102.72818524297833, -86.59193257201522, 8.5]
[-102.72818524297833, -86.59193257201522, 8.5]
[-101.86348414645865, -87.20238206333033, 8.5]
[-100.99878304993896, -87.81283155464544, 8.5]
[-100.99878304993896, -87.81283155464544, 8.5]
[-100.99878304993896, -87.81283155464544, 8.5]
[-100.13482570409099, -88.07449715839681, 8.5]
[-99.27086835824302, -88.33616276214818, 8.5]
[-99.27086835824302, -88.33616276214818, 8.5]
[-99.27086835824302, -88.33616276214818, 8.5]
[-98.41102122206561, -88.41585835042143, 8.5]
[-97.55117408588819, -88.49555393869468, 8.5]
[-97.55117408588819, -88.49555393869468, 8.5]
[-97.55117408588819, -88.49555393869468, 8.5]
[-96.68791268701463, -88.64673800527758, 8.5]
[-95.82465128814108, -88.79792207186048, 8.5]
[-95.82465128814108, -88.79792207186048, 8.5]
[-95.82465128814108, -88.79792207186048, 8.5]
[-94.9630964941114, -89.00837957643905, 8.5]
[-94.10154170008173, -89.21883708101763, 8.5]
[-94.10154170008173, -89.21883708101763, 8.5]
[-94.10154170008173, -89.21883708101763, 8.5]
[-93.2362255223761, -89.40979212272384, 8.5]
[-92.37090934467048, -89.60074716443006, 8.5]
[-92.37090934467048, -89.60074716443006, 8.5]
[-92.37090934467048, -89.60074716443006, 8.5]
[-91.50775006633096, -89.5184590494028, 8.5]
[-90.64459078799143, -89.43617093437551, 8.5]
[-90.64459078799143, -89.43617093437551, 8.5]
[-90.64459078799143, -89.43617093437551, 8.5]
[-89.7847341963857, -89.22646666373308, 8.5]
[-88.92487760477997, -89.01676239309064, 8.5]
[-88.92487760477997, -89.01676239309064, 8.5]
[-88.92487760477997, -89.01676239309064, 8.5]
[-88.06055407302948, -88.70879214644987, 8.5]
[-87.196230541279, -88.4008218998091, 8.5]
[-87.196230541279, -88.4008218998091, 8.5]
[-87.196230541279, -88.4008218998091, 8.5]
[-86.33650221937941, -88.01311662167765, 8.5]
[-85.47677389747984, -87.6254113435462, 8.5]
[-85.47677389747984, -87.6254113435462, 8.5]
[-85.47677389747984, -87.6254113435462, 8.5]
[-84.61305460161162, -87.15429598152055, 8.5]
[-83.74933530574341, -86.68318061949489, 8.5]
[-83.74933530574341, -86.68318061949489, 8.5]
[-83.74933530574341, -86.68318061949489, 8.5]
[-82.88760385181648, -86.09036585403504, 8.5]
[-82.02587239788954, -85.4975510885752, 8.5]
[-82.02587239788954, -85.4975510885752, 8.5]
[-82.02587239788954, -85.4975510885752, 8.5]
[-81.16308095681056, -84.7709945325484, 8.5]
[-80.30028951573158, -84.0444379765216, 8.5]
[-80.30028951573158, -84.0444379765216, 8.5]
[-80.30028951573158, -84.0444379765216, 8.5]
[-79.43585324521746, -82.21229806696073, 8.5]
[-78.57141697470333, -80.38015815739986, 8.5]
[-78.57141697470333, -80.38015815739986, 8.5]
[-78.57141697470333, -80.38015815739986, 8.5]
[-78.13617625198077, -76.17436310737696, 8.5]
[-77.7009355292582, -71.96856805735405, 8.5]
[-77.7009355292582, -71.96856805735405, 8.5]
