[-246.88343173062387, -711.6755050398953, 8.5]
[-246.88343173062387, -711.6755050398953, 8.5]
[-246.8541395094286, -711.6774213985, 8.5]
[-246.82484728823331, -711.6793377571046, 8.5]
[-246.79555506703804, -711.6812541157093, 8.5]
[-246.76626284584276, -711.6831704743139, 8.5]
[-246.73697062464748, -711.6850868329186, 8.5]
[-246.70767840345223, -711.6870031915232, 8.5]
[-246.67838618225696, -711.6889195501279, 8.5]
[-246.64909396106168, -711.6908359087327, 8.5]
[-246.6198017398664, -711.6927522673373, 8.5]
[-246.59050951867113, -711.694668625942, 8.5]
[-246.56121729747585, -711.6965849845466, 8.5]
[-246.53192507628057, -711.6985013431513, 8.5]
[-246.5026328550853, -711.7004177017559, 8.5]
[-246.47334063389002, -711.7023340603606, 8.5]
[-246.44404841269477, -711.7042504189653, 8.5]
[-246.4147561914995, -711.7061667775699, 8.5]
[-246.38546397030422, -711.7080831361747, 8.5]
[-246.35617174910894, -711.7099994947793, 8.5]
[-246.32687952791366, -711.711915853384, 8.5]
[-246.29758730671838, -711.7138322119886, 8.5]
[-246.2682950855231, -711.7157485705933, 8.5]
[-246.23900286432783, -711.7176649291979, 8.5]
[-246.20971064313255, -711.7195812878026, 8.5]
[-246.18041842193728, -711.7214976464073, 8.5]
[-246.151126200742, -711.7234140050119, 8.5]
[-246.12183397954675, -711.7253303636166, 8.5]
[-246.09254175835147, -711.7272467222213, 8.5]
[-246.0632495371562, -711.729163080826, 8.5]
[-246.03395731596092, -711.7310794394306, 8.5]
[-246.00466509476564, -711.7329957980353, 8.5]
[-246.00466509476564, -711.7329957980353, 8.5]
[-246.00466509476564, -711.7329957980353, 8.5]
[-245.85354578390434, -711.7147774942981, 8.5]
[-245.70242647304306, -711.6965591905608, 8.5]
[-245.55130716218176, -711.6783408868237, 8.5]
[-245.40018785132048, -711.6601225830864, 8.5]
[-245.24906854045918, -711.6419042793492, 8.5]
[-245.0979492295979, -711.623685975612, 8.5]
[-244.9468299187366, -711.6054676718747, 8.5]
[-244.79571060787532, -711.5872493681376, 8.5]
[-244.64459129701402, -711.5690310644003, 8.5]
[-244.49347198615274, -711.5508127606631, 8.5]
[-244.34235267529144, -711.532594456926, 8.5]
[-244.19123336443016, -711.5143761531887, 8.5]
[-244.04011405356886, -711.4961578494515, 8.5]
[-243.88899474270758, -711.4779395457142, 8.5]
[-243.73787543184628, -711.459721241977, 8.5]
[-243.58675612098497, -711.4415029382399, 8.5]
[-243.4356368101237, -711.4232846345026, 8.5]
[-243.2845174992624, -711.4050663307654, 8.5]
[-243.13339818840112, -711.3868480270281, 8.5]
[-242.9822788775398, -711.368629723291, 8.5]
[-242.83115956667854, -711.3504114195538, 8.5]
[-242.68004025581723, -711.3321931158165, 8.5]
[-242.52892094495596, -711.3139748120793, 8.5]
[-242.37780163409465, -711.295756508342, 8.5]
[-242.22668232323338, -711.2775382046049, 8.5]
[-242.07556301237207, -711.2593199008677, 8.5]
[-241.9244437015108, -711.2411015971304, 8.5]
[-241.7733243906495, -711.2228832933932, 8.5]
[-241.62220507978822, -711.204664989656, 8.5]
[-241.4710857689269, -711.1864466859188, 8.5]
[-241.4710857689269, -711.1864466859188, 8.5]
[-241.4710857689269, -711.1864466859188, 8.5]
[-241.42243832621438, -711.1859351804454, 8.5]
[-241.3737908835018, -711.1854236749721, 8.5]
[-241.32514344078928, -711.1849121694987, 8.5]
[-241.2764959980767, -711.1844006640254, 8.5]
[-241.22784855536418, -711.183889158552, 8.5]
[-241.1792011126516, -711.1833776530787, 8.5]
[-241.13055366993908, -711.1828661476053, 8.5]
[-241.0819062272265, -711.1823546421318, 8.5]
[-241.03325878451398, -711.1818431366585, 8.5]
[-240.9846113418014, -711.1813316311851, 8.5]
[-240.93596389908888, -711.1808201257118, 8.5]
[-240.8873164563763, -711.1803086202384, 8.5]
[-240.83866901366378, -711.179797114765, 8.5]
[-240.7900215709512, -711.1792856092917, 8.5]
[-240.74137412823868, -711.1787741038183, 8.5]
[-240.69272668552614, -711.178262598345, 8.5]
[-240.64407924281358, -711.1777510928716, 8.5]
[-240.59543180010104, -711.1772395873983, 8.5]
[-240.54678435738847, -711.1767280819249, 8.5]
[-240.49813691467594, -711.1762165764516, 8.5]
[-240.44948947196337, -711.1757050709782, 8.5]
[-240.40084202925084, -711.1751935655049, 8.5]
[-240.35219458653827, -711.1746820600314, 8.5]
[-240.30354714382574, -711.174170554558, 8.5]
[-240.25489970111317, -711.1736590490847, 8.5]
[-240.20625225840064, -711.1731475436113, 8.5]
[-240.15760481568807, -711.172636038138, 8.5]
[-240.10895737297554, -711.1721245326646, 8.5]
[-240.06030993026297, -711.1716130271913, 8.5]
[-240.01166248755044, -711.1711015217179, 8.5]
[-240.01166248755044, -711.1711015217179, 8.5]
[-240.01166248755044, -711.1711015217179, 8.5]
[-237.067021459767, -711.0284990614838, 8.5]
[-234.12238043198357, -710.8858966012496, 8.5]
[-231.17773940420014, -710.7432941410154, 8.5]
[-228.2330983764167, -710.6006916807812, 8.5]
[-225.28845734863327, -710.4580892205471, 8.5]
[-222.34381632084984, -710.3154867603129, 8.5]
[-219.39917529306638, -710.1728843000787, 8.5]
[-216.45453426528297, -710.0302818398446, 8.5]
[-213.5098932374995, -709.8876793796104, 8.5]
[-210.56525220971608, -709.7450769193763, 8.5]
[-207.62061118193265, -709.6024744591421, 8.5]
[-204.6759701541492, -709.4598719989079, 8.5]
[-201.73132912636578, -709.3172695386737, 8.5]
[-198.78668809858235, -709.1746670784396, 8.5]
[-195.8420470707989, -709.0320646182054, 8.5]
[-192.89740604301548, -708.8894621579713, 8.5]
[-189.95276501523205, -708.7468596977371, 8.5]
[-187.0081239874486, -708.6042572375029, 8.5]
[-184.06348295966518, -708.4616547772688, 8.5]
[-181.11884193188175, -708.3190523170346, 8.5]
[-178.1742009040983, -708.1764498568004, 8.5]
[-175.22955987631485, -708.0338473965662, 8.5]
[-172.28491884853145, -707.8912449363321, 8.5]
[-169.34027782074799, -707.748642476098, 8.5]
[-166.39563679296458, -707.6060400158638, 8.5]
[-163.45099576518112, -707.4634375556296, 8.5]
[-160.50635473739771, -707.3208350953954, 8.5]
[-157.56171370961425, -707.1782326351613, 8.5]
[-154.61707268183082, -707.0356301749271, 8.5]
[-151.6724316540474, -706.893027714693, 8.5]
[-151.6724316540474, -706.893027714693, 8.5]
[-151.6724316540474, -706.893027714693, 8.5]
[-151.6615627998914, -706.8892116082524, 8.5]
[-151.65069394573547, -706.8853955018119, 8.5]
[-151.6398250915795, -706.8815793953713, 8.5]
[-151.62895623742352, -706.8777632889307, 8.5]
[-151.61808738326755, -706.8739471824903, 8.5]
[-151.6072185291116, -706.8701310760497, 8.5]
[-151.59634967495563, -706.8663149696091, 8.5]
[-151.58548082079966, -706.8624988631686, 8.5]
[-151.5746119666437, -706.8586827567281, 8.5]
[-151.56374311248774, -706.8548666502875, 8.5]
[-151.55287425833177, -706.851050543847, 8.5]
[-151.5420054041758, -706.8472344374064, 8.5]
[-151.53113655001982, -706.8434183309658, 8.5]
[-151.52026769586388, -706.8396022245254, 8.5]
[-151.5093988417079, -706.8357861180848, 8.5]
[-151.49852998755193, -706.8319700116442, 8.5]
[-151.487661133396, -706.8281539052037, 8.5]
[-151.47679227924002, -706.8243377987632, 8.5]
[-151.46592342508404, -706.8205216923226, 8.5]
[-151.45505457092807, -706.8167055858821, 8.5]
[-151.44418571677213, -706.8128894794415, 8.5]
[-151.43331686261615, -706.809073373001, 8.5]
[-151.42244800846018, -706.8052572665605, 8.5]
[-151.4115791543042, -706.8014411601199, 8.5]
[-151.40071030014826, -706.7976250536793, 8.5]
[-151.3898414459923, -706.7938089472389, 8.5]
[-151.37897259183632, -706.7899928407983, 8.5]
[-151.36810373768034, -706.7861767343577, 8.5]
[-151.3572348835244, -706.7823606279172, 8.5]
[-151.34636602936843, -706.7785445214766, 8.5]
[-151.34636602936843, -706.7785445214766, 8.5]
[-151.34636602936843, -706.7785445214766, 8.5]
[-150.89890699197397, -707.1729366670996, 8.5]
[-150.4514479545795, -707.5673288127225, 8.5]
[-150.00398891718504, -707.9617209583455, 8.5]
[-149.5565298797906, -708.3561131039684, 8.5]
[-149.1090708423961, -708.7505052495914, 8.5]
[-148.66161180500166, -709.1448973952142, 8.5]
[-148.21415276760717, -709.5392895408372, 8.5]
[-147.76669373021272, -709.9336816864602, 8.5]
[-147.31923469281827, -710.3280738320831, 8.5]
[-146.8717756554238, -710.7224659777061, 8.5]
[-146.42431661802934, -711.1168581233289, 8.5]
[-145.97685758063488, -711.5112502689519, 8.5]
[-145.5293985432404, -711.9056424145748, 8.5]
[-145.08193950584595, -712.3000345601978, 8.5]
[-144.6344804684515, -712.6944267058207, 8.5]
[-144.18702143105702, -713.0888188514436, 8.5]
[-143.73956239366257, -713.4832109970666, 8.5]
[-143.2921033562681, -713.8776031426895, 8.5]
[-142.84464431887363, -714.2719952883125, 8.5]
[-142.39718528147918, -714.6663874339354, 8.5]
[-141.9497262440847, -715.0607795795584, 8.5]
[-141.50226720669025, -715.4551717251812, 8.5]
[-141.0548081692958, -715.8495638708042, 8.5]
[-140.60734913190132, -716.2439560164272, 8.5]
[-140.15989009450686, -716.6383481620501, 8.5]
[-139.71243105711238, -717.0327403076731, 8.5]
[-139.26497201971793, -717.4271324532959, 8.5]
[-138.81751298232348, -717.8215245989189, 8.5]
[-138.370053944929, -718.2159167445418, 8.5]
[-137.92259490753455, -718.6103088901648, 8.5]
[-137.92259490753455, -718.6103088901648, 8.5]
[-137.92259490753455, -718.6103088901648, 8.5]
[-137.90527638799654, -718.6187219444187, 8.5]
[-137.88795786845853, -718.6271349986725, 8.5]
[-137.87063934892052, -718.6355480529263, 8.5]
[-137.8533208293825, -718.6439611071802, 8.5]
[-137.8360023098445, -718.6523741614341, 8.5]
[-137.8186837903065, -718.660787215688, 8.5]
[-137.80136527076849, -718.6692002699418, 8.5]
[-137.78404675123048, -718.6776133241956, 8.5]
[-137.76672823169247, -718.6860263784495, 8.5]
[-137.74940971215446, -718.6944394327033, 8.5]
[-137.73209119261645, -718.7028524869572, 8.5]
[-137.71477267307844, -718.7112655412111, 8.5]
[-137.69745415354043, -718.7196785954649, 8.5]
[-137.68013563400243, -718.7280916497187, 8.5]
[-137.66281711446442, -718.7365047039726, 8.5]
[-137.64549859492638, -718.7449177582265, 8.5]
[-137.62818007538837, -718.7533308124804, 8.5]
[-137.61086155585036, -718.7617438667342, 8.5]
[-137.59354303631235, -718.770156920988, 8.5]
[-137.57622451677435, -718.7785699752419, 8.5]
[-137.55890599723634, -718.7869830294958, 8.5]
[-137.54158747769833, -718.7953960837497, 8.5]
[-137.52426895816032, -718.8038091380034, 8.5]
[-137.5069504386223, -718.8122221922573, 8.5]
[-137.4896319190843, -718.8206352465112, 8.5]
[-137.4723133995463, -718.8290483007651, 8.5]
[-137.4549948800083, -718.837461355019, 8.5]
[-137.43767636047028, -718.8458744092727, 8.5]
[-137.42035784093227, -718.8542874635266, 8.5]
[-137.40303932139426, -718.8627005177805, 8.5]
[-137.40303932139426, -718.8627005177805, 8.5]
[-137.40303932139426, -718.8627005177805, 8.5]
[-135.61194358795385, -719.2907743586293, 8.5]
[-133.82084785451343, -719.718848199478, 8.5]
[-132.02975212107302, -720.1469220403268, 8.5]
[-130.2386563876326, -720.5749958811755, 8.5]
[-128.4475606541922, -721.0030697220243, 8.5]
[-126.65646492075177, -721.431143562873, 8.5]
[-124.86536918731136, -721.8592174037218, 8.5]
[-123.07427345387094, -722.2872912445706, 8.5]
[-121.28317772043053, -722.7153650854193, 8.5]
[-119.49208198699012, -723.1434389262681, 8.5]
[-117.7009862535497, -723.5715127671168, 8.5]
[-115.90989052010929, -723.9995866079656, 8.5]
[-114.11879478666887, -724.4276604488143, 8.5]
[-112.32769905322846, -724.8557342896631, 8.5]
[-110.53660331978804, -725.2838081305119, 8.5]
[-108.74550758634763, -725.7118819713606, 8.5]
[-106.95441185290721, -726.1399558122095, 8.5]
[-105.1633161194668, -726.5680296530581, 8.5]
[-103.37222038602638, -726.996103493907, 8.5]
[-101.58112465258597, -727.4241773347557, 8.5]
[-99.79002891914556, -727.8522511756045, 8.5]
[-97.99893318570514, -728.2803250164532, 8.5]
[-96.20783745226473, -728.708398857302, 8.5]
[-94.41674171882431, -729.1364726981508, 8.5]
[-92.6256459853839, -729.5645465389995, 8.5]
[-90.83455025194348, -729.9926203798483, 8.5]
[-89.04345451850307, -730.420694220697, 8.5]
[-87.25235878506265, -730.8487680615458, 8.5]
[-85.46126305162224, -731.2768419023945, 8.5]
[-83.67016731818183, -731.7049157432433, 8.5]
[-83.67016731818183, -731.7049157432433, 8.5]
[-83.67016731818183, -731.7049157432433, 8.5]
[-83.61465962976638, -731.6641401771118, 8.5]
[-83.55915194135093, -731.6233646109804, 8.5]
[-83.5036442529355, -731.5825890448489, 8.5]
[-83.44813656452006, -731.5418134787175, 8.5]
[-83.39262887610461, -731.501037912586, 8.5]
[-83.33712118768916, -731.4602623464546, 8.5]
[-83.28161349927373, -731.419486780323, 8.5]
[-83.22610581085829, -731.3787112141915, 8.5]
[-83.17059812244284, -731.3379356480601, 8.5]
[-83.1150904340274, -731.2971600819286, 8.5]
[-83.05958274561196, -731.2563845157972, 8.5]
[-83.00407505719652, -731.2156089496657, 8.5]
[-82.94856736878107, -731.1748333835343, 8.5]
[-82.89305968036562, -731.1340578174028, 8.5]
[-82.83755199195019, -731.0932822512714, 8.5]
[-82.78204430353475, -731.0525066851399, 8.5]
[-82.7265366151193, -731.0117311190083, 8.5]
[-82.67102892670385, -730.970955552877, 8.5]
[-82.61552123828841, -730.9301799867454, 8.5]
[-82.56001354987298, -730.889404420614, 8.5]
[-82.50450586145753, -730.8486288544825, 8.5]
[-82.44899817304209, -730.8078532883511, 8.5]
[-82.39349048462664, -730.7670777222196, 8.5]
[-82.33798279621121, -730.7263021560881, 8.5]
[-82.28247510779576, -730.6855265899567, 8.5]
[-82.22696741938032, -730.6447510238252, 8.5]
[-82.17145973096487, -730.6039754576938, 8.5]
[-82.11595204254944, -730.5631998915622, 8.5]
[-82.06044435413399, -730.5224243254308, 8.5]
[-82.00493666571855, -730.4816487592993, 8.5]
[-82.00493666571855, -730.4816487592993, 8.5]
[-82.00493666571855, -730.4816487592993, 8.5]
[-81.94767051590799, -730.4419386164786, 8.5]
[-81.89040436609743, -730.402228473658, 8.5]
[-81.83313821628687, -730.3625183308374, 8.5]
[-81.77587206647632, -730.3228081880167, 8.5]
[-81.71860591666577, -730.2830980451961, 8.5]
[-81.6613397668552, -730.2433879023754, 8.5]
[-81.60407361704465, -730.2036777595547, 8.5]
[-81.54680746723409, -730.1639676167341, 8.5]
[-81.48954131742353, -730.1242574739134, 8.5]
[-81.43227516761297, -730.0845473310927, 8.5]
[-81.37500901780241, -730.0448371882721, 8.5]
[-81.31774286799187, -730.0051270454514, 8.5]
[-81.26047671818131, -729.9654169026307, 8.5]
[-81.20321056837075, -729.9257067598102, 8.5]
[-81.14594441856019, -729.8859966169895, 8.5]
[-81.08867826874963, -729.8462864741688, 8.5]
[-81.03141211893907, -729.8065763313482, 8.5]
[-80.97414596912851, -729.7668661885275, 8.5]
[-80.91687981931797, -729.7271560457068, 8.5]
[-80.85961366950741, -729.6874459028862, 8.5]
[-80.80234751969685, -729.6477357600655, 8.5]
[-80.7450813698863, -729.6080256172448, 8.5]
[-80.68781522007573, -729.5683154744243, 8.5]
[-80.63054907026518, -729.5286053316036, 8.5]
[-80.57328292045462, -729.4888951887829, 8.5]
[-80.51601677064406, -729.4491850459623, 8.5]
[-80.45875062083351, -729.4094749031416, 8.5]
[-80.40148447102295, -729.3697647603209, 8.5]
[-80.3442183212124, -729.3300546175003, 8.5]
[-80.28695217140184, -729.2903444746796, 8.5]
[-80.28695217140184, -729.2903444746796, 8.5]
[-80.28695217140184, -729.2903444746796, 8.5]
[-80.22956465691855, -729.0682055025952, 8.5]
[-80.17217714243527, -728.8460665305107, 8.5]
[-80.11478962795199, -728.6239275584263, 8.5]
[-80.05740211346871, -728.4017885863418, 8.5]
[-80.00001459898542, -728.1796496142574, 8.5]
[-79.94262708450213, -727.9575106421729, 8.5]
[-79.88523957001885, -727.7353716700885, 8.5]
[-79.82785205553557, -727.5132326980041, 8.5]
[-79.77046454105229, -727.2910937259196, 8.5]
[-79.71307702656901, -727.0689547538352, 8.5]
[-79.65568951208573, -726.8468157817507, 8.5]
[-79.59830199760245, -726.6246768096663, 8.5]
[-79.54091448311917, -726.4025378375818, 8.5]
[-79.48352696863589, -726.1803988654974, 8.5]
[-79.4261394541526, -725.958259893413, 8.5]
[-79.36875193966931, -725.7361209213285, 8.5]
[-79.31136442518603, -725.5139819492441, 8.5]
[-79.25397691070275, -725.2918429771596, 8.5]
[-79.19658939621947, -725.0697040050752, 8.5]
[-79.13920188173618, -724.8475650329907, 8.5]
[-79.0818143672529, -724.6254260609063, 8.5]
[-79.02442685276962, -724.4032870888218, 8.5]
[-78.96703933828634, -724.1811481167374, 8.5]
[-78.90965182380306, -723.959009144653, 8.5]
[-78.85226430931976, -723.7368701725685, 8.5]
[-78.79487679483648, -723.5147312004841, 8.5]
[-78.7374892803532, -723.2925922283996, 8.5]
[-78.68010176586992, -723.0704532563152, 8.5]
[-78.62271425138664, -722.8483142842307, 8.5]
[-78.56532673690336, -722.6261753121463, 8.5]
[-78.56532673690336, -722.6261753121463, 8.5]
[-78.56532673690336, -722.6261753121463, 8.5]
[-78.536487691688, -722.3939321371423, 8.5]
[-78.50764864647263, -722.1616889621384, 8.5]
[-78.47880960125727, -721.9294457871345, 8.5]
[-78.4499705560419, -721.6972026121305, 8.5]
[-78.42113151082654, -721.4649594371266, 8.5]
[-78.39229246561118, -721.2327162621226, 8.5]
[-78.36345342039581, -721.0004730871187, 8.5]
[-78.33461437518046, -720.7682299121147, 8.5]
[-78.3057753299651, -720.5359867371108, 8.5]
[-78.27693628474974, -720.3037435621069, 8.5]
[-78.24809723953437, -720.0715003871029, 8.5]
[-78.21925819431901, -719.8392572120989, 8.5]
[-78.19041914910365, -719.607014037095, 8.5]
[-78.16158010388828, -719.374770862091, 8.5]
[-78.13274105867292, -719.1425276870871, 8.5]
[-78.10390201345756, -718.9102845120832, 8.5]
[-78.0750629682422, -718.6780413370792, 8.5]
[-78.04622392302683, -718.4457981620753, 8.5]
[-78.01738487781147, -718.2135549870713, 8.5]
[-77.9885458325961, -717.9813118120674, 8.5]
[-77.95970678738074, -717.7490686370635, 8.5]
[-77.93086774216538, -717.5168254620595, 8.5]
[-77.90202869695003, -717.2845822870555, 8.5]
[-77.87318965173466, -717.0523391120516, 8.5]
[-77.8443506065193, -716.8200959370477, 8.5]
[-77.81551156130394, -716.5878527620438, 8.5]
[-77.78667251608857, -716.3556095870398, 8.5]
[-77.75783347087321, -716.1233664120358, 8.5]
[-77.72899442565785, -715.8911232370319, 8.5]
[-77.70015538044248, -715.658880062028, 8.5]
[-77.70015538044248, -715.658880062028, 8.5]
