[734.7672394647641, 40.429704423606836, 8.5]
[708.4628314388758, 131.41404920811144, 8.5]
[708.6567509085893, 131.6166050749082, 8.5]
[708.6532158498363, 131.81575546554876, 8.5]
[708.6496807910835, 132.01490585618933, 8.5]
[708.8471353195498, 132.01831133234546, 8.5]
[709.0445898480161, 132.02171680850162, 8.5]
[709.2420443764826, 132.02512228465775, 8.5]
[709.4394989049489, 132.02852776081392, 8.5]
[709.6369534334152, 132.03193323697005, 8.5]
[709.8344079618817, 132.03533871312618, 8.5]
[710.0353975491009, 131.83959379864177, 8.5]
[710.2328520775673, 131.8429992747979, 8.5]
[710.4303066060336, 131.84640475095406, 8.5]
[710.6312961932529, 131.65065983646963, 8.5]
[710.8322857804721, 131.4549149219852, 8.5]
[711.0332753676914, 131.25917000750076, 8.5]
[711.2342649549107, 131.06342509301635, 8.5]
[711.2378000136637, 130.86427470237578, 8.5]
[711.2413350724166, 130.6651243117352, 8.5]
[711.4423246596359, 130.46937939725078, 8.5]
[711.4458597183889, 130.2702290066102, 8.5]
[711.2519402486754, 130.06767313981348, 8.5]
[711.2554753074284, 129.8685227491729, 8.5]
[711.0580207789619, 129.86511727301675, 8.5]
[710.8605662504956, 129.86171179686062, 8.5]
[710.6666467807821, 129.6591559300639, 8.5]
[710.4691922523158, 129.65575045390776, 8.5]
[710.2717377238495, 129.6523449777516, 8.5]
[710.0707481366302, 129.84808989223603, 8.5]
[709.8732936081637, 129.84468441607987, 8.5]
[709.6758390796974, 129.84127893992374, 8.5]
[709.4748494924781, 130.03702385440818, 8.5]
[709.2738599052589, 130.2327687688926, 8.5]
[709.0764053767925, 130.22936329273648, 8.5]
[708.8754157895733, 130.4251082072209, 8.5]
[708.8718807308203, 130.62425859786146, 8.5]
[708.670891143601, 130.8200035123459, 8.5]
[708.667356084848, 131.01915390298646, 8.5]
[708.4663664976288, 131.21489881747087, 8.5]
[703.9430438521056, 274.7682757077621, 8.5]
[701.4943182059818, 234.68455957050875, 8.5]
[701.6882376756953, 234.88711543730545, 8.5]
[701.6847026169423, 235.08626582794605, 8.5]
[701.6811675581895, 235.28541621858662, 8.5]
[701.8750870279029, 235.48797208538332, 8.5]
[702.0690064976163, 235.69052795218005, 8.5]
[702.2664610260827, 235.6939334283362, 8.5]
[702.4674506133019, 235.49818851385177, 8.5]
[702.6649051417684, 235.5015939900079, 8.5]
[702.6684402005212, 235.30244359936734, 8.5]
[702.6719752592742, 235.10329320872677, 8.5]
[702.8729648464935, 234.90754829424233, 8.5]
[702.8764999052464, 234.70839790360176, 8.5]
[702.8800349639993, 234.5092475129612, 8.5]
[702.8835700227522, 234.31009712232063, 8.5]
[702.8871050815052, 234.11094673168003, 8.5]
[702.8906401402581, 233.91179634103946, 8.5]
[702.894175199011, 233.7126459503989, 8.5]
[702.897710257764, 233.51349555975833, 8.5]
[702.9012453165169, 233.31434516911776, 8.5]
[702.9047803752698, 233.1151947784772, 8.5]
[702.9083154340227, 232.91604438783662, 8.5]
[702.7143959643092, 232.7134885210399, 8.5]
[702.7179310230622, 232.51433813039932, 8.5]
[702.5240115533488, 232.3117822636026, 8.5]
[702.5275466121017, 232.11263187296203, 8.5]
[702.3336271423883, 231.91007600616533, 8.5]
[702.1361726139219, 231.90667053000917, 8.5]
[701.9351830267026, 232.1024154444936, 8.5]
[701.7377284982363, 232.09900996833744, 8.5]
[701.7341934394833, 232.29816035897804, 8.5]
[701.7306583807303, 232.4973107496186, 8.5]
[701.5296687935111, 232.69305566410304, 8.5]
[701.5261337347582, 232.8922060547436, 8.5]
[701.5225986760053, 233.09135644538418, 8.5]
[701.5190636172523, 233.29050683602475, 8.5]
[701.5155285584995, 233.48965722666532, 8.5]
[701.5119934997465, 233.68880761730588, 8.5]
[701.5084584409935, 233.88795800794645, 8.5]
[701.5049233822407, 234.08710839858702, 8.5]
[701.5013883234877, 234.28625878922762, 8.5]
[701.4978532647348, 234.48540917986818, 8.5]
[701.420643280127, 71.92760827481897, 8.5]
[696.9746094386002, 144.36386284948898, 8.5]
[697.1685289083135, 144.5664187162857, 8.5]
[697.1649938495607, 144.76556910692628, 8.5]
[697.358913319274, 144.96812497372298, 8.5]
[697.5528327889875, 145.1706808405197, 8.5]
[697.746752258701, 145.37323670731644, 8.5]
[697.743217199948, 145.572387097957, 8.5]
[697.9371366696614, 145.77494296475373, 8.5]
[698.1345911981279, 145.77834844090987, 8.5]
[698.3320457265942, 145.781753917066, 8.5]
[698.5295002550605, 145.78515939322216, 8.5]
[698.7269547835269, 145.7885648693783, 8.5]
[698.9244093119933, 145.79197034553445, 8.5]
[699.1218638404596, 145.79537582169058, 8.5]
[699.3228534276789, 145.59963090720618, 8.5]
[699.3263884864318, 145.4004805165656, 8.5]
[699.3299235451848, 145.201330125925, 8.5]
[699.3334586039377, 145.00217973528444, 8.5]
[699.3369936626906, 144.80302934464387, 8.5]
[699.3405287214435, 144.6038789540033, 8.5]
[699.3440637801965, 144.40472856336274, 8.5]
[699.3475988389494, 144.20557817272217, 8.5]
[699.153679369236, 144.00302230592544, 8.5]
[698.9597598995225, 143.8004664391287, 8.5]
[698.765840429809, 143.59791057233198, 8.5]
[698.5683859013427, 143.59450509617585, 8.5]
[698.3709313728764, 143.5910996200197, 8.5]
[698.1734768444101, 143.58769414386356, 8.5]
[697.9760223159436, 143.58428866770743, 8.5]
[697.7785677874773, 143.58088319155127, 8.5]
[697.577578200258, 143.7766281060357, 8.5]
[697.3765886130387, 143.97237302052014, 8.5]
[697.1755990258195, 144.16811793500457, 8.5]
[678.5491809725092, 269.94766068952686, 8.5]
[678.7431004422227, 270.1502165563236, 8.5]
[678.7395653834698, 270.34936694696415, 8.5]
[678.7360303247168, 270.5485173376047, 8.5]
[678.732495265964, 270.7476677282453, 8.5]
[678.728960207211, 270.94681811888586, 8.5]
[678.725425148458, 271.1459685095264, 8.5]
[678.9193446181715, 271.34852437632316, 8.5]
[678.9158095594186, 271.5476747669637, 8.5]
[678.9122745006656, 271.7468251576043, 8.5]
[678.9087394419128, 271.94597554824486, 8.5]
[678.9052043831598, 272.1451259388854, 8.5]
[678.9016693244068, 272.344276329526, 8.5]
[678.898134265654, 272.54342672016656, 8.5]
[678.894599206901, 272.74257711080713, 8.5]
[678.8910641481481, 272.94172750144776, 8.5]
[678.8875290893951, 273.1408778920883, 8.5]
[678.8839940306423, 273.3400282827289, 8.5]
[678.8804589718893, 273.53917867336946, 8.5]
[679.0743784416028, 273.7417345401662, 8.5]
[679.2682979113162, 273.94429040696286, 8.5]
[679.4622173810296, 274.1468462737596, 8.5]
[679.656136850743, 274.3494021405563, 8.5]
[679.8535913792094, 274.3528076167125, 8.5]
[680.0545809664287, 274.157062702228, 8.5]
[680.252035494895, 274.1604681783842, 8.5]
[680.4494900233615, 274.16387365454034, 8.5]
[680.6469445518278, 274.16727913069644, 8.5]
[680.8443990802941, 274.1706846068526, 8.5]
[681.0418536087606, 274.17409008300876, 8.5]
[681.2393081372269, 274.1774955591649, 8.5]
[681.4367626656932, 274.180901035321, 8.5]
[681.6342171941596, 274.1843065114772, 8.5]
[681.831671722626, 274.18771198763335, 8.5]
[682.0291262510923, 274.19111746378945, 8.5]
[682.2265807795587, 274.1945229399456, 8.5]
[682.424035308025, 274.1979284161018, 8.5]
[682.6214898364914, 274.20133389225794, 8.5]
[682.8189443649578, 274.20473936841404, 8.5]
[683.0163988934241, 274.2081448445702, 8.5]
[683.2138534218905, 274.21155032072636, 8.5]
[683.4113079503569, 274.21495579688246, 8.5]
[683.6087624788232, 274.2183612730386, 8.5]
[683.8062170072895, 274.2217667491948, 8.5]
[684.003671535756, 274.22517222535095, 8.5]
[684.2011260642223, 274.22857770150705, 8.5]
[684.3985805926886, 274.2319831776632, 8.5]
[684.5960351211551, 274.23538865381937, 8.5]
[684.7934896496214, 274.23879412997553, 8.5]
[684.9909441780877, 274.24219960613163, 8.5]
[685.1883987065542, 274.2456050822878, 8.5]
[685.3858532350205, 274.24901055844396, 8.5]
[685.5833077634868, 274.25241603460006, 8.5]
[685.7807622919532, 274.2558215107562, 8.5]
[685.9782168204196, 274.2592269869124, 8.5]
[686.1756713488859, 274.26263246306854, 8.5]
[686.3731258773523, 274.26603793922465, 8.5]
[686.5705804058186, 274.2694434153808, 8.5]
[686.768034934285, 274.27284889153697, 8.5]
[686.9654894627514, 274.27625436769307, 8.5]
[687.1629439912177, 274.27965984384923, 8.5]
[687.360398519684, 274.2830653200054, 8.5]
[687.5578530481505, 274.28647079616155, 8.5]
[687.7553075766168, 274.28987627231766, 8.5]
[687.9527621050831, 274.2932817484738, 8.5]
[688.1502166335496, 274.29668722463, 8.5]
[688.3512062207689, 274.1009423101455, 8.5]
[688.5451256904822, 274.30349817694224, 8.5]
[688.7425802189487, 274.3069036530984, 8.5]
[688.943569806168, 274.111158738614, 8.5]
[689.1410243346343, 274.1145642147701, 8.5]
[689.3384788631006, 274.11796969092626, 8.5]
[689.535933391567, 274.1213751670824, 8.5]
[689.7333879200334, 274.1247806432385, 8.5]
[689.9273073897468, 274.32733651003525, 8.5]
[690.1247619182132, 274.3307419861914, 8.5]
[690.3222164466795, 274.3341474623476, 8.5]
[690.5196709751459, 274.3375529385037, 8.5]
[690.7171255036122, 274.34095841465984, 8.5]
[690.9145800320786, 274.344363890816, 8.5]
[691.112034560545, 274.34776936697216, 8.5]
[691.3094890890113, 274.35117484312826, 8.5]
[691.5069436174776, 274.3545803192844, 8.5]
[691.7043981459441, 274.3579857954406, 8.5]
[691.9018526744104, 274.3613912715967, 8.5]
[692.1028422616297, 274.1656463571123, 8.5]
[692.300296790096, 274.16905183326844, 8.5]
[692.4977513185625, 274.17245730942454, 8.5]
[692.6952058470288, 274.1758627855807, 8.5]
[692.8926603754951, 274.17926826173687, 8.5]
[693.0936499627144, 273.98352334725246, 8.5]
[693.2911044911808, 273.98692882340856, 8.5]
[693.4885590196471, 273.9903342995647, 8.5]
[693.6860135481135, 273.9937397757209, 8.5]
[693.8834680765799, 273.997145251877, 8.5]
[694.0809226050462, 274.00055072803315, 8.5]
[694.2783771335125, 274.0039562041893, 8.5]
[694.475831661979, 274.00736168034547, 8.5]
[694.6732861904453, 274.0107671565016, 8.5]
[694.8707407189116, 274.01417263265773, 8.5]
[695.0681952473781, 274.0175781088139, 8.5]
[695.2656497758444, 274.02098358497005, 8.5]
[695.4631043043107, 274.02438906112616, 8.5]
[695.6605588327772, 274.0277945372823, 8.5]
[695.8580133612435, 274.0312000134385, 8.5]
[696.0554678897098, 274.0346054895946, 8.5]
[696.2529224181762, 274.03801096575074, 8.5]
[696.4503769466426, 274.0414164419069, 8.5]
[696.6478314751089, 274.04482191806306, 8.5]
[696.8452860035753, 274.04822739421917, 8.5]
[697.0427405320416, 274.05163287037533, 8.5]
[697.240195060508, 274.0550383465315, 8.5]
[697.4376495889744, 274.0584438226876, 8.5]
[697.6351041174407, 274.06184929884375, 8.5]
[697.832558645907, 274.0652547749999, 8.5]
[698.0300131743735, 274.0686602511561, 8.5]
[698.2274677028398, 274.0720657273122, 8.5]
[698.4249222313061, 274.07547120346834, 8.5]
[698.6223767597726, 274.0788766796245, 8.5]
[698.8198312882389, 274.0822821557806, 8.5]
[699.0172858167052, 274.08568763193676, 8.5]
[699.2182754039245, 273.88994271745236, 8.5]
[699.415729932391, 273.8933481936085, 8.5]
[699.6131844608573, 273.8967536697646, 8.5]
[699.8106389893236, 273.9001591459208, 8.5]
[700.00809351779, 273.90356462207694, 8.5]
[700.2055480462564, 273.90697009823305, 8.5]
[700.4030025747227, 273.9103755743892, 8.5]
[700.6004571031891, 273.91378105054537, 8.5]
[700.7979116316554, 273.9171865267015, 8.5]
[700.9953661601218, 273.92059200285763, 8.5]
[701.1928206885882, 273.9239974790138, 8.5]
[701.3902752170545, 273.92740295516995, 8.5]
[701.5877297455208, 273.9308084313261, 8.5]
[701.7851842739873, 273.9342139074822, 8.5]
[701.9826388024536, 273.9376193836384, 8.5]
[702.1800933309199, 273.94102485979454, 8.5]
[702.3775478593864, 273.94443033595064, 8.5]
[702.5750023878527, 273.9478358121068, 8.5]
[702.775991975072, 273.7520908976224, 8.5]
[702.9734465035383, 273.75549637377856, 8.5]
[703.1709010320047, 273.75890184993466, 8.5]
[703.3683555604711, 273.7623073260908, 8.5]
[703.5658100889374, 273.765712802247, 8.5]
[703.7632646174038, 273.7691182784031, 8.5]
[703.9607191458701, 273.77252375455924, 8.5]
[704.1581736743365, 273.7759292307154, 8.5]
[704.3556282028029, 273.7793347068715, 8.5]
[704.5530827312692, 273.78274018302767, 8.5]
[704.7505372597356, 273.78614565918383, 8.5]
[704.947991788202, 273.78955113534, 8.5]
[705.1454463166683, 273.7929566114961, 8.5]
[705.3429008451346, 273.79636208765226, 8.5]
[705.5403553736011, 273.7997675638084, 8.5]
[705.7378099020674, 273.8031730399646, 8.5]
[705.9352644305337, 273.8065785161207, 8.5]
[706.1327189590002, 273.80998399227684, 8.5]
[706.3301734874665, 273.813389468433, 8.5]
[706.5276280159328, 273.8167949445891, 8.5]
[706.7250825443992, 273.82020042074527, 8.5]
[706.9260721316185, 273.62445550626086, 8.5]
[707.1235266600848, 273.62786098241696, 8.5]
[707.3209811885512, 273.6312664585731, 8.5]
[707.5184357170176, 273.6346719347293, 8.5]
[707.7158902454839, 273.63807741088544, 8.5]
[707.9133447739503, 273.64148288704155, 8.5]
[708.1107993024167, 273.6448883631977, 8.5]
[708.308253830883, 273.64829383935387, 8.5]
[708.5057083593493, 273.65169931551, 8.5]
[708.7031628878158, 273.65510479166613, 8.5]
[708.9006174162821, 273.6585102678223, 8.5]
[709.0980719447484, 273.66191574397845, 8.5]
[709.2955264732149, 273.66532122013456, 8.5]
[709.4929810016812, 273.6687266962907, 8.5]
[709.6904355301475, 273.6721321724469, 8.5]
[709.887890058614, 273.67553764860304, 8.5]
[710.0853445870803, 273.67894312475914, 8.5]
[710.2827991155466, 273.6823486009153, 8.5]
[710.480253644013, 273.68575407707146, 8.5]
[710.6777081724794, 273.68915955322757, 8.5]
[710.8751627009457, 273.69256502938373, 8.5]
[711.0726172294121, 273.6959705055399, 8.5]
[711.2700717578784, 273.69937598169605, 8.5]
[711.4675262863448, 273.70278145785215, 8.5]
[711.6649808148112, 273.7061869340083, 8.5]
[711.8624353432775, 273.7095924101645, 8.5]
[712.0598898717438, 273.7129978863206, 8.5]
[712.2573444002103, 273.71640336247674, 8.5]
[712.4547989286766, 273.7198088386329, 8.5]
[712.6522534571429, 273.72321431478906, 8.5]
[712.8497079856094, 273.72661979094516, 8.5]
[713.0471625140757, 273.7300252671013, 8.5]
[713.244617042542, 273.7334307432575, 8.5]
[713.4456066297613, 273.537685828773, 8.5]
[713.6430611582277, 273.5410913049292, 8.5]
[713.8405156866941, 273.54449678108534, 8.5]
[714.0379702151604, 273.5479022572415, 8.5]
[714.2354247436268, 273.5513077333976, 8.5]
[714.4328792720931, 273.55471320955377, 8.5]
[714.6303338005595, 273.5581186857099, 8.5]
[714.8277883290259, 273.56152416186603, 8.5]
[715.0252428574922, 273.5649296380222, 8.5]
[715.2226973859586, 273.56833511417835, 8.5]
[715.420151914425, 273.5717405903345, 8.5]
[715.6176064428913, 273.5751460664906, 8.5]
[715.8150609713576, 273.5785515426468, 8.5]
[716.0125154998241, 273.58195701880294, 8.5]
[716.2099700282904, 273.5853624949591, 8.5]
[716.4074245567567, 273.5887679711152, 8.5]
[716.6048790852232, 273.59217344727136, 8.5]
[716.8023336136895, 273.5955789234275, 8.5]
[716.9997881421558, 273.5989843995836, 8.5]
[717.1972426706222, 273.6023898757398, 8.5]
[717.3946971990886, 273.60579535189595, 8.5]
[717.5921517275549, 273.6092008280521, 8.5]
[717.7896062560213, 273.6126063042082, 8.5]
[717.9870607844877, 273.6160117803644, 8.5]
[718.184515312954, 273.61941725652053, 8.5]
[718.3819698414204, 273.62282273267664, 8.5]
[718.5794243698867, 273.6262282088328, 8.5]
[718.7768788983531, 273.62963368498896, 8.5]
[718.9743334268195, 273.6330391611451, 8.5]
[719.1717879552858, 273.6364446373012, 8.5]
[719.3692424837521, 273.6398501134574, 8.5]
[719.5666970122186, 273.64325558961355, 8.5]
[719.7641515406849, 273.64666106576965, 8.5]
[719.9616060691512, 273.6500665419258, 8.5]
[720.1590605976177, 273.65347201808197, 8.5]
[720.356515126084, 273.65687749423813, 8.5]
[720.5539696545503, 273.66028297039423, 8.5]
[720.7514241830168, 273.6636884465504, 8.5]
[720.9488787114831, 273.66709392270656, 8.5]
[721.1463332399494, 273.6704993988627, 8.5]
[721.3437877684158, 273.6739048750188, 8.5]
[721.5412422968822, 273.677310351175, 8.5]
[721.7386968253485, 273.68071582733114, 8.5]
[721.9361513538149, 273.68412130348725, 8.5]
[722.1336058822812, 273.6875267796434, 8.5]
[722.3310604107476, 273.69093225579957, 8.5]
[722.528514939214, 273.69433773195567, 8.5]
[722.7259694676803, 273.69774320811183, 8.5]
[722.9234239961467, 273.701148684268, 8.5]
[723.1208785246131, 273.70455416042415, 8.5]
[723.3183330530794, 273.70795963658026, 8.5]
[723.5157875815457, 273.7113651127364, 8.5]
[723.7132421100122, 273.7147705888926, 8.5]
[723.9106966384785, 273.71817606504874, 8.5]
[724.1081511669448, 273.72158154120484, 8.5]
[724.3056056954113, 273.724987017361, 8.5]
[724.5030602238776, 273.72839249351716, 8.5]
[724.7005147523439, 273.73179796967327, 8.5]
[724.8979692808103, 273.7352034458294, 8.5]
[725.0954238092767, 273.7386089219856, 8.5]
[725.292878337743, 273.74201439814175, 8.5]
[725.4903328662094, 273.74541987429785, 8.5]
[725.6877873946758, 273.748825350454, 8.5]
[725.8852419231421, 273.7522308266102, 8.5]
[726.0826964516085, 273.75563630276633, 8.5]
[726.2801509800748, 273.75904177892244, 8.5]
[726.4776055085412, 273.7624472550786, 8.5]
[726.6750600370076, 273.76585273123476, 8.5]
[726.8725145654739, 273.76925820739086, 8.5]
[727.0699690939402, 273.772663683547, 8.5]
[727.2674236224067, 273.7760691597032, 8.5]
[727.464878150873, 273.7794746358593, 8.5]
[727.6623326793393, 273.78288011201545, 8.5]
[727.8633222665587, 273.58713519753104, 8.5]
[728.060776795025, 273.5905406736872, 8.5]
[728.2582313234914, 273.5939461498433, 8.5]
[728.4556858519577, 273.59735162599947, 8.5]
[728.6531403804241, 273.6007571021556, 8.5]
[728.8505949088905, 273.60416257831173, 8.5]
[729.0480494373569, 273.6075680544679, 8.5]
[729.2455039658232, 273.61097353062405, 8.5]
[729.4429584942895, 273.6143790067802, 8.5]
[729.6404130227559, 273.6177844829363, 8.5]
[729.8378675512223, 273.6211899590925, 8.5]
[730.0353220796886, 273.62459543524864, 8.5]
[730.2327766081551, 273.6280009114048, 8.5]
[730.4302311366214, 273.6314063875609, 8.5]
[730.6276856650877, 273.63481186371706, 8.5]
[730.825140193554, 273.6382173398732, 8.5]
[731.0225947220205, 273.6416228160293, 8.5]
[731.2200492504868, 273.6450282921855, 8.5]
[731.4175037789532, 273.64843376834165, 8.5]
[731.6149583074196, 273.6518392444978, 8.5]
[731.8124128358859, 273.6552447206539, 8.5]
[732.0098673643522, 273.6586501968101, 8.5]
[732.2073218928186, 273.66205567296623, 8.5]
[732.404776421285, 273.66546114912234, 8.5]
[732.5986958909984, 273.86801701591907, 8.5]
[732.7961504194648, 273.8714224920752, 8.5]
[732.9936049479311, 273.8748279682314, 8.5]
[733.1910594763975, 273.8782334443875, 8.5]
[733.3885140048639, 273.88163892054365, 8.5]
[733.5859685333302, 273.8850443966998, 8.5]
[733.7834230617966, 273.888449872856, 8.5]
[733.9844126490159, 273.6927049583715, 8.5]
[734.1783321187293, 273.89526082516824, 8.5]
[734.3757866471957, 273.8986663013244, 8.5]
[734.573241175662, 273.9020717774805, 8.5]
[734.7706957041283, 273.90547725363666, 8.5]
[734.9681502325948, 273.9088827297928, 8.5]
[735.1691398198141, 273.7131378153084, 8.5]
[735.3701294070333, 273.51739290082395, 8.5]
[735.5675839354997, 273.5207983769801, 8.5]
[735.7615034052131, 273.72335424377684, 8.5]
[735.9589579336795, 273.72675971993294, 8.5]
[736.1564124621459, 273.7301651960891, 8.5]
[736.3503319318593, 273.93272106288583, 8.5]
[736.5477864603256, 273.936126539042, 8.5]
[736.745240988792, 273.9395320151981, 8.5]
[736.9462305760113, 273.7437871007137, 8.5]
[737.1436851044776, 273.74719257686985, 8.5]
[737.1472201632306, 273.5480421862293, 8.5]
[737.3482097504499, 273.3522972717448, 8.5]
[737.3517448092028, 273.15314688110425, 8.5]
[737.3552798679557, 272.9539964904637, 8.5]
[737.3588149267086, 272.7548460998231, 8.5]
[737.3623499854616, 272.55569570918254, 8.5]
[737.1684305157481, 272.3531398423858, 8.5]
[737.1719655745011, 272.15398945174525, 8.5]
[736.9780461047876, 271.9514335849485, 8.5]
[736.9815811635406, 271.75228319430795, 8.5]
[736.9851162222935, 271.5531328036674, 8.5]
[736.79119675258, 271.35057693687065, 8.5]
[736.794731811333, 271.1514265462301, 8.5]
[736.7982668700859, 270.9522761555895, 8.5]
[736.8018019288388, 270.75312576494895, 8.5]
[736.8053369875918, 270.5539753743084, 8.5]
[736.8088720463447, 270.3548249836678, 8.5]
[736.6149525766313, 270.1522691168711, 8.5]
[736.6184876353841, 269.9531187262305, 8.5]
[736.6220226941371, 269.75396833558995, 8.5]
[736.62555775289, 269.5548179449494, 8.5]
[736.4316382831765, 269.35226207815265, 8.5]
[736.4351733419295, 269.1531116875121, 8.5]
[736.4387084006825, 268.9539612968715, 8.5]
[736.4422434594353, 268.75481090623094, 8.5]
[736.4457785181883, 268.5556605155904, 8.5]
[736.4493135769412, 268.3565101249498, 8.5]
[736.4528486356942, 268.15735973430924, 8.5]
[736.456383694447, 267.95820934366867, 8.5]
[736.4599187532, 267.7590589530281, 8.5]
[736.463453811953, 267.55990856238753, 8.5]
[736.4669888707058, 267.36075817174697, 8.5]
[736.2730694009924, 267.15820230495024, 8.5]
[736.2766044597454, 266.95905191430967, 8.5]
[736.2801395184982, 266.7599015236691, 8.5]
[736.2836745772512, 266.56075113302853, 8.5]
[736.2872096360041, 266.36160074238796, 8.5]
[736.0932901662907, 266.15904487559123, 8.5]
[736.0968252250436, 265.95989448495067, 8.5]
[736.1003602837965, 265.7607440943101, 8.5]
[736.1038953425494, 265.5615937036695, 8.5]
[736.1074304013024, 265.3624433130289, 8.5]
[735.9135109315889, 265.15988744623223, 8.5]
[735.9170459903419, 264.96073705559166, 8.5]
[735.9205810490948, 264.7615866649511, 8.5]
[735.9241161078477, 264.56243627431047, 8.5]
[735.7301966381343, 264.3598804075138, 8.5]
[735.7337316968872, 264.16073001687323, 8.5]
[735.7372667556401, 263.9615796262326, 8.5]
[735.7408018143931, 263.76242923559204, 8.5]
[735.5468823446796, 263.55987336879537, 8.5]
[735.5504174034326, 263.36072297815474, 8.5]
[735.5539524621855, 263.1615725875142, 8.5]
[735.5574875209384, 262.9624221968736, 8.5]
[735.363568051225, 262.75986633007693, 8.5]
[735.367103109978, 262.56071593943636, 8.5]
[735.3706381687308, 262.36156554879574, 8.5]
[735.1767186990173, 262.15900968199907, 8.5]
[735.1802537577703, 261.9598592913585, 8.5]
[735.1837888165232, 261.7607089007179, 8.5]
[735.1873238752762, 261.5615585100773, 8.5]
[734.9934044055627, 261.35900264328063, 8.5]
[734.9969394643157, 261.15985225264006, 8.5]
[734.8030199946022, 260.95729638584334, 8.5]
[734.8065550533552, 260.75814599520277, 8.5]
[734.8100901121081, 260.5589956045622, 8.5]
[734.6161706423946, 260.35643973776547, 8.5]
[734.6197057011476, 260.1572893471249, 8.5]
[734.6232407599005, 259.95813895648433, 8.5]
[734.4293212901871, 259.7555830896876, 8.5]
[734.2354018204736, 259.5530272228909, 8.5]
[734.2389368792266, 259.3538768322503, 8.5]
[734.0450174095131, 259.1513209654536, 8.5]
[734.048552468266, 258.952170574813, 8.5]
[734.052087527019, 258.75302018417244, 8.5]
[733.8581680573055, 258.5504643173757, 8.5]
[733.8617031160585, 258.35131392673514, 8.5]
[733.8652381748113, 258.1521635360946, 8.5]
[733.671318705098, 257.94960766929785, 8.5]
[733.6748537638509, 257.7504572786573, 8.5]
[733.4809342941375, 257.5479014118606, 8.5]
[733.4844693528903, 257.34875102122, 8.5]
[733.2905498831769, 257.1461951544233, 8.5]
[733.2940849419299, 256.94704476378274, 8.5]
[733.1001654722164, 256.744488896986, 8.5]
[733.1037005309694, 256.54533850634544, 8.5]
[732.9097810612559, 256.3427826395487, 8.5]
[732.9133161200089, 256.14363224890815, 8.5]
[732.9168511787618, 255.94448185826758, 8.5]
[732.7193966502954, 255.94107638211142, 8.5]
[732.5254771805819, 255.7385205153147, 8.5]
[732.5290122393349, 255.53937012467412, 8.5]
[732.5325472980878, 255.34021973403355, 8.5]
[732.3350927696215, 255.33681425787742, 8.5]
[732.141173299908, 255.1342583910807, 8.5]
[732.144708358661, 254.93510800044012, 8.5]
[731.9507888889475, 254.73255213364342, 8.5]
[731.9543239477005, 254.53340174300283, 8.5]
[731.760404477987, 254.33084587620613, 8.5]
[731.5664850082735, 254.1282900094094, 8.5]
[731.5700200670265, 253.92913961876883, 8.5]
[731.3761005973131, 253.7265837519721, 8.5]
[731.1821811275996, 253.5240278851754, 8.5]
[731.1857161863526, 253.32487749453483, 8.5]
[730.9917967166391, 253.1223216277381, 8.5]
[730.7978772469256, 252.9197657609414, 8.5]
[730.8014123056786, 252.72061537030083, 8.5]
[730.6039577772123, 252.71720989414467, 8.5]
[730.4100383074988, 252.51465402734794, 8.5]
[730.2161188377854, 252.31209816055124, 8.5]
[730.0221993680719, 252.10954229375454, 8.5]
[730.0257344268249, 251.91039190311395, 8.5]
[729.8318149571114, 251.70783603631725, 8.5]
[729.6378954873979, 251.50528016952052, 8.5]
[729.6414305461509, 251.30612977887995, 8.5]
[729.4475110764374, 251.10357391208322, 8.5]
[729.2535916067241, 250.9010180452865, 8.5]
[729.0596721370106, 250.6984621784898, 8.5]
[728.8622176085443, 250.69505670233366, 8.5]
[728.6682981388308, 250.49250083553693, 8.5]
[728.4743786691174, 250.2899449687402, 8.5]
[728.2804591994039, 250.0873891019435, 8.5]
[728.2839942581569, 249.88823871130293, 8.5]
[728.0900747884434, 249.6856828445062, 8.5]
[728.0936098471964, 249.48653245386564, 8.5]
[727.89615531873, 249.4831269777095, 8.5]
[727.6987007902636, 249.47972150155334, 8.5]
[727.5047813205501, 249.27716563475664, 8.5]
[727.5083163793031, 249.07801524411605, 8.5]
[727.3108618508368, 249.0746097679599, 8.5]
[727.1169423811233, 248.87205390116318, 8.5]
[726.9230229114099, 248.66949803436648, 8.5]
[726.7291034416965, 248.46694216756975, 8.5]
[726.535183971983, 248.26438630077305, 8.5]
[726.3412645022696, 248.06183043397633, 8.5]
[726.1473450325561, 247.85927456717963, 8.5]
[725.9534255628427, 247.6567187003829, 8.5]
[725.7559710343763, 247.65331322422674, 8.5]
[725.562051564663, 247.45075735743004, 8.5]
[725.3681320949495, 247.2482014906333, 8.5]
[725.1706775664832, 247.24479601447717, 8.5]
[724.9767580967697, 247.04224014768045, 8.5]
[724.9802931555226, 246.84308975703988, 8.5]
[724.7828386270562, 246.83968428088374, 8.5]
[724.5853840985899, 246.83627880472758, 8.5]
[724.3914646288764, 246.63372293793088, 8.5]
[724.3949996876294, 246.43457254729032, 8.5]
[724.197545159163, 246.43116707113415, 8.5]
[724.0036256894496, 246.22861120433743, 8.5]
[723.8061711609832, 246.2252057281813, 8.5]
[723.6122516912698, 246.0226498613846, 8.5]
[723.4183322215563, 245.82009399458786, 8.5]
[723.4218672803092, 245.6209436039473, 8.5]
[723.2244127518429, 245.61753812779114, 8.5]
[723.0269582233766, 245.614132651635, 8.5]
[722.8330387536631, 245.4115767848383, 8.5]
[722.8365738124161, 245.2124263941977, 8.5]
[722.6391192839496, 245.20902091804157, 8.5]
[722.4416647554833, 245.2056154418854, 8.5]
[722.244210227017, 245.20220996572928, 8.5]
[722.0502907573035, 244.99965409893255, 8.5]
[721.85637128759, 244.79709823213585, 8.5]
[721.6589167591237, 244.7936927559797, 8.5]
[721.4614622306574, 244.79028727982356, 8.5]
[721.2675427609439, 244.58773141302683, 8.5]
[721.0736232912304, 244.38517554623013, 8.5]
[720.8761687627641, 244.38177007007397, 8.5]
[720.6787142342978, 244.37836459391784, 8.5]
[720.4812597058315, 244.37495911776168, 8.5]
[720.287340236118, 244.17240325096498, 8.5]
[720.290875294871, 243.9732528603244, 8.5]
[720.0934207664045, 243.96984738416825, 8.5]
[719.8995012966911, 243.76729151737152, 8.5]
[719.7020467682247, 243.7638860412154, 8.5]
[719.5045922397584, 243.76048056505925, 8.5]
[719.3071377112921, 243.7570750889031, 8.5]
[719.1132182415786, 243.55451922210636, 8.5]
[718.9157637131123, 243.55111374595023, 8.5]
[718.7218442433988, 243.34855787915353, 8.5]
[718.5243897149325, 243.34515240299737, 8.5]
[718.330470245219, 243.14259653620064, 8.5]
[718.1330157167527, 243.1391910600445, 8.5]
[717.9355611882862, 243.13578558388838, 8.5]
[717.7416417185729, 242.93322971709165, 8.5]
[717.5441871901064, 242.92982424093552, 8.5]
[717.3467326616401, 242.92641876477936, 8.5]
[717.1492781331738, 242.92301328862322, 8.5]
[716.9553586634603, 242.7204574218265, 8.5]
[716.757904134994, 242.71705194567036, 8.5]
[716.5639846652805, 242.51449607887363, 8.5]
[716.3665301368142, 242.5110906027175, 8.5]
[716.1690756083478, 242.50768512656134, 8.5]
[715.9751561386344, 242.30512925976464, 8.5]
[715.7812366689209, 242.1025733929679, 8.5]
[715.5837821404546, 242.09916791681178, 8.5]
[715.3863276119882, 242.09576244065562, 8.5]
[715.1888730835218, 242.0923569644995, 8.5]
[714.9914185550555, 242.08895148834333, 8.5]
[714.7939640265892, 242.0855460121872, 8.5]
[714.5965094981227, 242.08214053603103, 8.5]
[714.4025900284093, 241.87958466923433, 8.5]
[714.2051354999429, 241.8761791930782, 8.5]
[714.0112160302295, 241.67362332628147, 8.5]
[713.8137615017631, 241.6702178501253, 8.5]
[713.6163069732968, 241.66681237396918, 8.5]
[713.4188524448305, 241.66340689781305, 8.5]
[713.221397916364, 241.6600014216569, 8.5]
[713.0239433878977, 241.65659594550075, 8.5]
[712.8264888594314, 241.6531904693446, 8.5]
[712.6290343309649, 241.64978499318846, 8.5]
[712.4315798024986, 241.6463795170323, 8.5]
[712.2341252740323, 241.64297404087617, 8.5]
[712.0366707455659, 241.63956856472004, 8.5]
[711.8392162170995, 241.63616308856388, 8.5]
[711.6417616886332, 241.63275761240772, 8.5]
[711.4443071601668, 241.62935213625158, 8.5]
[711.2468526317004, 241.62594666009545, 8.5]
[711.0493981032341, 241.6225411839393, 8.5]
[710.8519435747677, 241.61913570778316, 8.5]
[710.6544890463014, 241.61573023162703, 8.5]
[710.457034517835, 241.61232475547087, 8.5]
[710.2595799893686, 241.6089192793147, 8.5]
[710.0656605196552, 241.406363412518, 8.5]
[709.8682059911888, 241.40295793636187, 8.5]
[709.6707514627225, 241.3995524602057, 8.5]
[709.4732969342562, 241.39614698404958, 8.5]
[709.2758424057897, 241.39274150789342, 8.5]
[709.0783878773234, 241.3893360317373, 8.5]
[708.8809333488571, 241.38593055558113, 8.5]
[708.6834788203906, 241.382525079425, 8.5]
[708.4860242919243, 241.37911960326886, 8.5]
[708.288569763458, 241.3757141271127, 8.5]
[708.0911152349915, 241.37230865095657, 8.5]
[707.8936607065252, 241.3689031748004, 8.5]
[707.6962061780589, 241.36549769864428, 8.5]
[707.4987516495925, 241.36209222248812, 8.5]
[707.3012971211261, 241.35868674633198, 8.5]
[707.1038425926598, 241.35528127017585, 8.5]
[706.9063880641934, 241.3518757940197, 8.5]
[706.708933535727, 241.34847031786353, 8.5]
[706.5114790072607, 241.3450648417074, 8.5]
[706.3140244787943, 241.34165936555127, 8.5]
[706.116569950328, 241.3382538893951, 8.5]
[705.9191154218616, 241.33484841323897, 8.5]
[705.7216608933952, 241.33144293708284, 8.5]
[705.5206713061759, 241.52718785156725, 8.5]
[705.3232167777096, 241.5237823754111, 8.5]
[705.1257622492433, 241.52037689925496, 8.5]
[704.9283077207768, 241.51697142309882, 8.5]
[704.7308531923105, 241.51356594694266, 8.5]
[704.5298636050912, 241.7093108614271, 8.5]
[704.3324090766249, 241.70590538527097, 8.5]
[704.1349545481585, 241.7024999091148, 8.5]
[703.9375000196922, 241.69909443295867, 8.5]
[703.7435805499787, 241.49653856616195, 8.5]
[703.5496610802653, 241.29398269936524, 8.5]
[703.3557416105518, 241.09142683256852, 8.5]
[703.3592766693048, 240.89227644192795, 8.5]
[703.5602662565241, 240.6965315274435, 8.5]
[703.563801315277, 240.49738113680294, 8.5]
[703.5673363740299, 240.29823074616237, 8.5]
[703.5708714327828, 240.09908035552178, 8.5]
[703.3769519630694, 239.89652448872508, 8.5]
[703.3804870218223, 239.6973740980845, 8.5]
[703.3840220805753, 239.49822370744394, 8.5]
[703.3875571393281, 239.29907331680337, 8.5]
[703.1936376696148, 239.09651745000664, 8.5]
[703.1971727283677, 238.89736705936608, 8.5]
[703.0032532586542, 238.69481119256935, 8.5]
[702.8057987301879, 238.69140571641321, 8.5]
[702.6083442017215, 238.68800024025705, 8.5]
[702.4073546145022, 238.8837451547415, 8.5]
[702.4038195557494, 239.08289554538206, 8.5]
[702.20282996853, 239.2786404598665, 8.5]
[702.0018403813107, 239.47438537435093, 8.5]
[701.9983053225578, 239.6735357649915, 8.5]
[701.9947702638049, 239.87268615563207, 8.5]
[701.9912352050519, 240.07183654627264, 8.5]
[701.9877001462991, 240.2709869369132, 8.5]
[701.9841650875461, 240.47013732755377, 8.5]
[701.9806300287931, 240.66928771819437, 8.5]
[701.9770949700403, 240.86843810883494, 8.5]
[702.1710144397537, 241.07099397563164, 8.5]
[702.1674793810007, 241.27014436627223, 8.5]
[702.3613988507142, 241.47270023306893, 8.5]
[702.3578637919612, 241.6718506237095, 8.5]
[702.1568742047419, 241.86759553819394, 8.5]
[701.9594196762756, 241.86419006203778, 8.5]
[701.7584300890563, 242.05993497652221, 8.5]
[701.5645106193429, 241.8573791097255, 8.5]
[701.56097556059, 242.05652950036608, 8.5]
[701.3599859733706, 242.2522744148505, 8.5]
[701.1625314449043, 242.24886893869436, 8.5]
[700.965076916438, 242.24546346253823, 8.5]
[700.7676223879716, 242.24205798638206, 8.5]
[700.5701678595052, 242.23865251022593, 8.5]
[700.3691782722859, 242.43439742471034, 8.5]
[700.1717237438196, 242.4309919485542, 8.5]
[699.9742692153532, 242.42758647239805, 8.5]
[699.7732796281339, 242.62333138688248, 8.5]
[699.5758250996676, 242.61992591072635, 8.5]
[699.3783705712012, 242.6165204345702, 8.5]
[699.1809160427348, 242.61311495841406, 8.5]
[698.9799264555155, 242.8088598728985, 8.5]
[698.7824719270492, 242.80545439674233, 8.5]
[698.5814823398299, 243.00119931122677, 8.5]
[698.3840278113636, 242.99779383507064, 8.5]
[698.1830382241443, 243.19353874955505, 8.5]
[697.9855836956779, 243.19013327339889, 8.5]
[697.7881291672115, 243.18672779724275, 8.5]
[697.5906746387452, 243.18332232108662, 8.5]
[697.3932201102788, 243.17991684493046, 8.5]
[697.1922305230595, 243.3756617594149, 8.5]
[696.9912409358402, 243.57140667389933, 8.5]
[696.7902513486209, 243.76715158838374, 8.5]
[696.5927968201546, 243.7637461122276, 8.5]
[696.3918072329353, 243.95949102671204, 8.5]
[696.1943527044689, 243.95608555055588, 8.5]
[695.9968981760026, 243.95268007439975, 8.5]
[695.7959085887833, 244.1484249888842, 8.5]
[695.598454060317, 244.14501951272803, 8.5]
[695.3974644730977, 244.34076442721246, 8.5]
[695.2000099446312, 244.33735895105633, 8.5]
[694.999020357412, 244.53310386554074, 8.5]
[694.7980307701927, 244.72884878002517, 8.5]
[694.6005762417263, 244.725443303869, 8.5]
[694.40312171326, 244.72203782771288, 8.5]
[694.2021321260407, 244.91778274219732, 8.5]
[694.0011425388215, 245.11352765668173, 8.5]
[693.8001529516021, 245.30927257116616, 8.5]
[693.6026984231357, 245.30586709501, 8.5]
[693.4017088359165, 245.50161200949444, 8.5]
[693.2042543074501, 245.4982065333383, 8.5]
[693.0032647202308, 245.6939514478227, 8.5]
[692.8058101917644, 245.69054597166658, 8.5]
[692.6048206045451, 245.88629088615102, 8.5]
[692.4038310173258, 246.08203580063542, 8.5]
[692.2028414301066, 246.27778071511986, 8.5]
[692.0053869016402, 246.27437523896373, 8.5]
[691.804397314421, 246.47012015344814, 8.5]
[691.6034077272017, 246.66586506793257, 8.5]
[691.4059531987353, 246.66245959177644, 8.5]
[691.2049636115161, 246.85820450626085, 8.5]
[691.0039740242967, 247.05394942074528, 8.5]
[690.8029844370774, 247.24969433522972, 8.5]
[690.6019948498581, 247.44543924971413, 8.5]
[690.4045403213918, 247.442033773558, 8.5]
[690.4010052626388, 247.64118416419856, 8.5]
[690.2000156754195, 247.836929078683, 8.5]
[690.0025611469532, 247.83352360252684, 8.5]
[689.8015715597339, 248.02926851701127, 8.5]
[689.6005819725146, 248.2250134314957, 8.5]
[689.3995923852954, 248.42075834598015, 8.5]
[689.1986027980761, 248.61650326046458, 8.5]
[688.9976132108568, 248.812248174949, 8.5]
[688.8001586823904, 248.80884269879283, 8.5]
[688.7966236236375, 249.00799308943343, 8.5]
[688.5956340364182, 249.20373800391786, 8.5]
[688.394644449199, 249.39948291840227, 8.5]
[688.1936548619797, 249.5952278328867, 8.5]
[687.9926652747604, 249.79097274737114, 8.5]
[687.795210746294, 249.78756727121498, 8.5]
[687.5942211590747, 249.98331218569942, 8.5]
[687.3932315718554, 250.17905710018385, 8.5]
[687.1922419846361, 250.37480201466826, 8.5]
[687.1887069258831, 250.57395240530883, 8.5]
[686.9877173386639, 250.76969731979327, 8.5]
[686.7867277514446, 250.9654422342777, 8.5]
[686.5857381642253, 251.1611871487621, 8.5]
[686.384748577006, 251.35693206324655, 8.5]
[686.1837589897867, 251.55267697773098, 8.5]
[685.9827694025674, 251.74842189221542, 8.5]
[685.9792343438145, 251.947572282856, 8.5]
[685.7782447565952, 252.14331719734042, 8.5]
[685.5807902281289, 252.13991172118426, 8.5]
[685.5772551693759, 252.33906211182483, 8.5]
[685.3762655821566, 252.53480702630927, 8.5]
[685.1752759949374, 252.7305519407937, 8.5]
[684.9742864077181, 252.9262968552781, 8.5]
[684.7732968204988, 253.12204176976255, 8.5]
[684.7697617617459, 253.32119216040311, 8.5]
[684.766226702993, 253.52034255104368, 8.5]
[684.5652371157737, 253.71608746552812, 8.5]
[684.3677825873073, 253.71268198937196, 8.5]
[684.3642475285544, 253.91183238001256, 8.5]
[684.1632579413351, 254.107577294497, 8.5]
[684.1597228825822, 254.30672768513756, 8.5]
[683.9587332953629, 254.50247259962197, 8.5]
[683.7577437081436, 254.6982175141064, 8.5]
[683.7542086493906, 254.89736790474697, 8.5]
[683.5532190621714, 255.0931128192314, 8.5]
[683.5496840034184, 255.29226320987198, 8.5]
[683.5461489446656, 255.49141360051254, 8.5]
[683.3451593574463, 255.68715851499698, 8.5]
[683.1477048289798, 255.68375303884082, 8.5]
[683.144169770227, 255.88290342948142, 8.5]
[682.9431801830077, 256.0786483439658, 8.5]
[682.9396451242548, 256.2777987346064, 8.5]
[682.7386555370355, 256.47354364909086, 8.5]
[682.5376659498162, 256.66928856357526, 8.5]
[682.5341308910632, 256.86843895421583, 8.5]
[682.5305958323103, 257.0675893448564, 8.5]
[682.329606245091, 257.2633342593408, 8.5]
[682.1286166578717, 257.4590791738253, 8.5]
[682.1250815991189, 257.65822956446584, 8.5]
[682.1215465403659, 257.8573799551064, 8.5]
[681.9205569531466, 258.0531248695908, 8.5]
[681.7195673659273, 258.2488697840753, 8.5]
[681.7160323071744, 258.44802017471585, 8.5]
[681.7124972484214, 258.6471705653564, 8.5]
[681.5115076612021, 258.8429154798408, 8.5]
[681.3105180739828, 259.03866039432523, 8.5]
[681.30698301523, 259.23781078496586, 8.5]
[681.303447956477, 259.4369611756064, 8.5]
[681.2999128977241, 259.636111566247, 8.5]
[681.0989233105048, 259.8318564807314, 8.5]
[680.8979337232855, 260.0276013952158, 8.5]
[680.8943986645326, 260.2267517858564, 8.5]
[680.6934090773133, 260.42249670034084, 8.5]
[680.6898740185604, 260.6216470909814, 8.5]
[680.6863389598075, 260.820797481622, 8.5]
[680.6828039010545, 261.01994787226255, 8.5]
[680.4818143138352, 261.21569278674696, 8.5]
[680.280824726616, 261.4114377012314, 8.5]
[680.277289667863, 261.610588091872, 8.5]
[680.2737546091101, 261.80973848251256, 8.5]
[680.0727650218909, 262.00548339699696, 8.5]
[680.0692299631379, 262.20463378763753, 8.5]
[680.0656949043849, 262.4037841782781, 8.5]
[679.8647053171657, 262.59952909276257, 8.5]
[679.8611702584128, 262.79867948340313, 8.5]
[679.8576351996599, 262.9978298740437, 8.5]
[679.8541001409069, 263.19698026468427, 8.5]
[679.6531105536876, 263.3927251791687, 8.5]
[679.6495754949347, 263.59187556980925, 8.5]
[679.6460404361818, 263.7910259604498, 8.5]
[679.6425053774288, 263.99017635109044, 8.5]
[679.4415157902096, 264.18592126557485, 8.5]
[679.4379807314566, 264.3850716562154, 8.5]
[679.4344456727038, 264.584222046856, 8.5]
[679.2334560854844, 264.7799669613404, 8.5]
[679.2299210267315, 264.97911735198096, 8.5]
[679.2263859679786, 265.17826774262153, 8.5]
[679.2228509092256, 265.37741813326215, 8.5]
[679.0218613220063, 265.57316304774656, 8.5]
[679.0183262632535, 265.77231343838713, 8.5]
[679.0147912045005, 265.9714638290277, 8.5]
[679.0112561457476, 266.17061421966827, 8.5]
[679.0077210869946, 266.36976461030883, 8.5]
[679.0041860282417, 266.5689150009494, 8.5]
[678.8031964410225, 266.76465991543387, 8.5]
[678.7996613822695, 266.96381030607444, 8.5]
[678.7961263235165, 267.162960696715, 8.5]
[678.7925912647637, 267.3621110873556, 8.5]
[678.7890562060107, 267.56126147799614, 8.5]
[678.7855211472578, 267.7604118686367, 8.5]
[678.7819860885048, 267.9595622592773, 8.5]
[678.778451029752, 268.15871264991785, 8.5]
[678.774915970999, 268.3578630405584, 8.5]
[678.7713809122461, 268.557013431199, 8.5]
[678.5703913250268, 268.75275834568345, 8.5]
[678.5668562662739, 268.951908736324, 8.5]
[678.563321207521, 269.1510591269646, 8.5]
[678.559786148768, 269.35020951760515, 8.5]
[678.556251090015, 269.5493599082457, 8.5]
[678.5527160312622, 269.7485102988863, 8.5]
[679.0143612621916, 43.45236796038546, 8.5]
[679.208280731905, 43.654923827182216, 8.5]
[679.2047456731522, 43.854074217822784, 8.5]
[679.2012106143992, 44.05322460846335, 8.5]
[679.3951300841127, 44.25578047526005, 8.5]
[679.3915950253597, 44.45493086590062, 8.5]
[679.3880599666068, 44.65408125654119, 8.5]
[679.3845249078538, 44.85323164718176, 8.5]
[679.380989849101, 45.052382037822355, 8.5]
[679.5749093188143, 45.254937904619084, 8.5]
[679.5713742600615, 45.45408829525965, 8.5]
[679.7652937297748, 45.65664416205635, 8.5]
[679.761758671022, 45.85579455269692, 8.5]
[679.758223612269, 46.05494494333749, 8.5]
[679.7546885535161, 46.25409533397806, 8.5]
[679.7511534947632, 46.453245724618654, 8.5]
[679.7476184360103, 46.65239611525922, 8.5]
[679.7440833772573, 46.85154650589979, 8.5]
[679.9380028469708, 47.05410237269652, 8.5]
[679.9344677882178, 47.25325276333709, 8.5]
[679.9309327294649, 47.452403153977656, 8.5]
[679.927397670712, 47.651553544618224, 8.5]
[680.1213171404254, 47.85410941141495, 8.5]
[680.1177820816724, 48.05325980205552, 8.5]
[680.1142470229196, 48.25241019269609, 8.5]
[680.1107119641666, 48.45156058333666, 8.5]
[680.3046314338801, 48.65411645013339, 8.5]
[680.3010963751271, 48.853266840773955, 8.5]
[680.2975613163742, 49.05241723141452, 8.5]
[680.2940262576213, 49.25156762205512, 8.5]
[680.2904911988684, 49.45071801269569, 8.5]
[680.2869561401154, 49.64986840333626, 8.5]
[680.2834210813625, 49.849018793976825, 8.5]
[680.2798860226096, 50.04816918461739, 8.5]
[680.2763509638567, 50.24731957525796, 8.5]
[680.4702704335701, 50.44987544205466, 8.5]
[680.4667353748172, 50.64902583269526, 8.5]
[680.4632003160642, 50.84817622333583, 8.5]
[680.4596652573114, 51.047326613976395, 8.5]
[680.6535847270247, 51.249882480773095, 8.5]
[680.6500496682718, 51.449032871413664, 8.5]
[680.8439691379853, 51.65158873821039, 8.5]
[680.8404340792323, 51.85073912885096, 8.5]
[680.8368990204794, 52.04988951949156, 8.5]
[681.0308184901928, 52.25244538628826, 8.5]
[681.02728343144, 52.451595776928826, 8.5]
[681.2212029011533, 52.654151643725555, 8.5]
[681.2176678424005, 52.85330203436612, 8.5]
[681.4115873121139, 53.055857901162824, 8.5]
[681.4080522533609, 53.25500829180339, 8.5]
[681.6019717230744, 53.45756415860015, 8.5]
[681.5984366643214, 53.65671454924072, 8.5]
[681.7958911927878, 53.66012002539685, 8.5]
[681.9898106625012, 53.86267589219358, 8.5]
[681.9862756037484, 54.06182628283415, 8.5]
[682.1801950734617, 54.26438214963085, 8.5]
[682.1766600147089, 54.463532540271416, 8.5]
[682.1731249559559, 54.662682930911984, 8.5]
[682.169589897203, 54.86183332155258, 8.5]
[682.3635093669164, 55.06438918834928, 8.5]
[682.3599743081635, 55.26353957898985, 8.5]
[682.553893777877, 55.46609544578658, 8.5]
[682.550358719124, 55.66524583642715, 8.5]
[682.546823660371, 55.864396227067715, 8.5]
[682.5432886016182, 56.06354661770828, 8.5]
[682.7407431300845, 56.066952093864415, 8.5]
[682.934662599798, 56.26950796066117, 8.5]
[682.931127541045, 56.46865835130174, 8.5]
[682.9275924822921, 56.66780874194231, 8.5]
[682.9240574235391, 56.86695913258288, 8.5]
[683.1179768932526, 57.06951499937958, 8.5]
[683.1144418344996, 57.268665390020146, 8.5]
[683.3083613042131, 57.471221256816875, 8.5]
[683.3048262454602, 57.67037164745747, 8.5]
[683.4987457151736, 57.87292751425417, 8.5]
[683.4952106564207, 58.07207790489474, 8.5]
[683.692665184887, 58.07548338105087, 8.5]
[683.8865846546005, 58.2780392478476, 8.5]
[683.8830495958475, 58.47718963848817, 8.5]
[684.076969065561, 58.67974550528487, 8.5]
[684.073434006808, 58.87889589592544, 8.5]
[684.2673534765215, 59.081451762722196, 8.5]
[684.2638184177686, 59.280602153362764, 8.5]
[684.457737887482, 59.483158020159465, 8.5]
[684.6516573571954, 59.685713886956194, 8.5]
[684.8455768269089, 59.888269753752894, 8.5]
[684.8420417681559, 60.08742014439346, 8.5]
[685.0359612378694, 60.28997601119019, 8.5]
[685.2298807075829, 60.49253187798692, 8.5]
[685.2263456488299, 60.69168226862749, 8.5]
[685.222810590077, 60.89083265926806, 8.5]
[685.4167300597904, 61.09338852606476, 8.5]
[685.6106495295038, 61.295944392861486, 8.5]
[685.8045689992173, 61.49850025965819, 8.5]
[685.8010339404643, 61.697650650298755, 8.5]
[685.9984884689308, 61.701056126454915, 8.5]
[686.1924079386441, 61.903611993251644, 8.5]
[686.3863274083576, 62.10616786004837, 8.5]
[686.5802468780711, 62.30872372684507, 8.5]
[686.7741663477844, 62.511279593641774, 8.5]
[686.9680858174979, 62.7138354604385, 8.5]
[686.964550758745, 62.91298585107907, 8.5]
[687.1584702284584, 63.11554171787577, 8.5]
[686.9574806412392, 63.311286632360236, 8.5]
[687.1584702284584, 63.11554171787577, 8.5]
[687.3523896981718, 63.31809758467253, 8.5]
[687.5463091678853, 63.52065345146923, 8.5]
[687.7402286375988, 63.72320931826596, 8.5]
[687.9376831660651, 63.72661479442209, 8.5]
[688.1316026357786, 63.92917066121882, 8.5]
[688.1280675770256, 64.12832105185939, 8.5]
[688.3255221054919, 64.13172652801552, 8.5]
[688.5194415752054, 64.33428239481222, 8.5]
[688.7133610449188, 64.53683826160895, 8.5]
[688.7098259861659, 64.73598865224955, 8.5]
[688.9037454558793, 64.93854451904625, 8.5]
[689.1011999843457, 64.9419499952024, 8.5]
[689.2951194540591, 65.14450586199911, 8.5]
[689.4925739825255, 65.14791133815527, 8.5]
[689.6864934522389, 65.35046720495197, 8.5]
[689.8804129219524, 65.5530230717487, 8.5]
[690.0743323916658, 65.7555789385454, 8.5]
[690.2717869201322, 65.75898441470153, 8.5]
[690.4657063898455, 65.96154028149826, 8.5]
[690.4621713310927, 66.16069067213886, 8.5]
[690.656090800806, 66.36324653893556, 8.5]
[690.8535453292725, 66.36665201509172, 8.5]
[691.0474647989859, 66.56920788188842, 8.5]
[691.2449193274523, 66.57261335804458, 8.5]
[691.4388387971657, 66.77516922484128, 8.5]
[691.6327582668791, 66.97772509163798, 8.5]
[691.8266777365926, 67.18028095843471, 8.5]
[692.0241322650589, 67.18368643459084, 8.5]
[692.2180517347724, 67.3862423013876, 8.5]
[692.4119712044858, 67.5887981681843, 8.5]
[692.6058906741993, 67.79135403498103, 8.5]
[692.8033452026656, 67.79475951113716, 8.5]
[692.9972646723791, 67.99731537793389, 8.5]
[693.1947192008454, 68.00072085409002, 8.5]
[693.3886386705589, 68.20327672088672, 8.5]
[693.5860931990252, 68.20668219704288, 8.5]
[693.7800126687387, 68.40923806383958, 8.5]
[693.977467197205, 68.41264353999574, 8.5]
[694.1749217256713, 68.41604901615187, 8.5]
[694.3688411953848, 68.6186048829486, 8.5]
[694.5627606650983, 68.82116074974533, 8.5]
[694.7602151935646, 68.82456622590146, 8.5]
[694.9576697220309, 68.82797170205762, 8.5]
[695.1515891917444, 69.03052756885432, 8.5]
[695.3490437202107, 69.03393304501049, 8.5]
[695.5429631899242, 69.23648891180719, 8.5]
[695.7368826596376, 69.43904477860391, 8.5]
[695.934337188104, 69.44245025476005, 8.5]
[696.1317917165703, 69.44585573091621, 8.5]
[696.3257111862838, 69.64841159771291, 8.5]
[696.5231657147501, 69.65181707386904, 8.5]
[696.7206202432164, 69.6552225500252, 8.5]
[696.9145397129299, 69.8577784168219, 8.5]
[697.1119942413962, 69.86118389297806, 8.5]
[697.3059137111097, 70.06373975977476, 8.5]
[697.503368239576, 70.06714523593092, 8.5]
[697.7008227680425, 70.07055071208705, 8.5]
[697.8947422377558, 70.27310657888381, 8.5]
[698.0921967662223, 70.27651205503994, 8.5]
[698.2861162359357, 70.47906792183664, 8.5]
[698.4835707644021, 70.4824733979928, 8.5]
[698.6774902341155, 70.6850292647895, 8.5]
[698.8749447625819, 70.68843474094567, 8.5]
[699.0723992910482, 70.6918402171018, 8.5]
[699.2698538195145, 70.69524569325796, 8.5]
[699.463773289228, 70.89780156005466, 8.5]
[699.6612278176943, 70.90120703621079, 8.5]
[699.8586823461608, 70.90461251236695, 8.5]
[700.0526018158741, 71.10716837916365, 8.5]
[700.2500563443405, 71.11057385531981, 8.5]
[700.4475108728069, 71.11397933147595, 8.5]
[700.6449654012732, 71.1173848076321, 8.5]
[700.8388848709867, 71.3199406744288, 8.5]
[701.036339399453, 71.32334615058497, 8.5]
[701.2337939279194, 71.3267516267411, 8.5]
[701.4312484563858, 71.33015710289723, 8.5]
[701.6287029848521, 71.33356257905339, 8.5]
[701.8226224545656, 71.5361184458501, 8.5]
[702.0200769830319, 71.53952392200625, 8.5]
[702.2175315114982, 71.54292939816239, 8.5]
[702.4149860399647, 71.54633487431855, 8.5]
[702.608905509678, 71.74889074111528, 8.5]
[702.8063600381445, 71.75229621727141, 8.5]
[703.0038145666108, 71.75570169342757, 8.5]
[703.2012690950771, 71.7591071695837, 8.5]
[703.3987236235436, 71.76251264573986, 8.5]
[703.5961781520099, 71.765918121896, 8.5]
[703.7900976217234, 71.96847398869272, 8.5]
[703.9875521501897, 71.97187946484885, 8.5]
[704.185006678656, 71.97528494100501, 8.5]
[704.3824612071224, 71.97869041716115, 8.5]
[704.5799157355888, 71.98209589331728, 8.5]
[704.7773702640551, 71.98550136947344, 8.5]
[704.9748247925215, 71.98890684562957, 8.5]
[705.1722793209879, 71.99231232178573, 8.5]
[705.3697338494542, 71.99571779794186, 8.5]
[705.5671883779206, 71.99912327409803, 8.5]
[705.761107847634, 72.20167914089473, 8.5]
[705.9585623761004, 72.20508461705089, 8.5]
[706.1560169045667, 72.20849009320702, 8.5]
[706.3534714330331, 72.21189556936315, 8.5]
[706.5509259614995, 72.21530104551931, 8.5]
[706.7483804899658, 72.21870652167544, 8.5]
[706.9458350184321, 72.2221119978316, 8.5]
[707.1432895468986, 72.22551747398774, 8.5]
[707.3407440753649, 72.2289229501439, 8.5]
[707.5381986038312, 72.23232842630003, 8.5]
[707.7356531322977, 72.23573390245616, 8.5]
[707.933107660764, 72.23913937861232, 8.5]
[708.1305621892303, 72.24254485476845, 8.5]
[708.3280167176968, 72.24595033092461, 8.5]
[708.5254712461631, 72.24935580708075, 8.5]
[708.7229257746294, 72.25276128323691, 8.5]
[708.9203803030958, 72.25616675939304, 8.5]
[709.1178348315622, 72.2595722355492, 8.5]
[709.3152893600285, 72.26297771170533, 8.5]
[709.5127438884949, 72.26638318786146, 8.5]
[709.7101984169612, 72.26978866401763, 8.5]
[709.9076529454276, 72.27319414017376, 8.5]
[710.105107473894, 72.27659961632992, 8.5]
[710.3025620023603, 72.28000509248605, 8.5]
[710.5000165308267, 72.28341056864221, 8.5]
[710.6974710592931, 72.28681604479834, 8.5]
[710.8949255877594, 72.29022152095447, 8.5]
[711.0923801162257, 72.29362699711064, 8.5]
[711.2898346446922, 72.29703247326677, 8.5]
[711.4872891731585, 72.30043794942293, 8.5]
[711.6847437016248, 72.30384342557906, 8.5]
[711.8821982300913, 72.30724890173522, 8.5]
[712.0796527585576, 72.31065437789135, 8.5]
[712.2771072870239, 72.31405985404751, 8.5]
[712.4745618154903, 72.31746533020365, 8.5]
[712.6720163439567, 72.32087080635978, 8.5]
[712.869470872423, 72.32427628251594, 8.5]
[713.0704604596423, 72.1285313680315, 8.5]
[713.2679149881087, 72.13193684418766, 8.5]
[713.465369516575, 72.1353423203438, 8.5]
[713.6628240450414, 72.13874779649996, 8.5]
[713.8602785735078, 72.14215327265609, 8.5]
[714.0577331019741, 72.14555874881225, 8.5]
[714.2516525716876, 72.34811461560895, 8.5]
[714.4526421589069, 72.15236970112451, 8.5]
[714.6500966873732, 72.15577517728067, 8.5]
[714.8475512158395, 72.1591806534368, 8.5]
[715.045005744306, 72.16258612959297, 8.5]
[715.2459953315253, 71.96684121510853, 8.5]
[715.4434498599916, 71.97024669126469, 8.5]
[715.6409043884579, 71.97365216742082, 8.5]
[715.8383589169243, 71.97705764357696, 8.5]
[716.0393485041436, 71.78131272909252, 8.5]
[716.2368030326099, 71.78471820524865, 8.5]
[716.4342575610763, 71.78812368140481, 8.5]
[716.6317120895427, 71.79152915756094, 8.5]
[716.832701676762, 71.59578424307654, 8.5]
[717.0301562052283, 71.59918971923267, 8.5]
[717.2276107336946, 71.60259519538883, 8.5]
[717.4250652621611, 71.60600067154496, 8.5]
[717.6189847318744, 71.80855653834166, 8.5]
[717.6154496731216, 72.00770692898226, 8.5]
[717.6119146143686, 72.20685731962283, 8.5]
[717.6083795556157, 72.4060077102634, 8.5]
[717.6048444968628, 72.60515810090396, 8.5]
[717.7987639665762, 72.80771396770069, 8.5]
[717.9926834362897, 73.0102698344974, 8.5]
[718.186602906003, 73.21282570129412, 8.5]
[718.3805223757165, 73.41538156809085, 8.5]
[718.57444184543, 73.61793743488758, 8.5]
[718.3734522582107, 73.81368234937199, 8.5]
[718.5673717279241, 74.01623821616872, 8.5]
[718.7612911976375, 74.21879408296542, 8.5]
[718.9552106673509, 74.42134994976215, 8.5]
[719.1491301370644, 74.62390581655885, 8.5]
[719.3430496067779, 74.82646168335557, 8.5]
[719.5369690764912, 75.0290175501523, 8.5]
[719.7308885462047, 75.231573416949, 8.5]
[719.7273534874518, 75.43072380758957, 8.5]
[719.9248080159182, 75.43412928374573, 8.5]
[720.1187274856316, 75.63668515054243, 8.5]
[720.312646955345, 75.83924101733916, 8.5]
[720.5065664250585, 76.04179688413586, 8.5]
[720.7040209535248, 76.045202360292, 8.5]
[720.8979404232382, 76.24775822708875, 8.5]
[721.0918598929517, 76.45031409388545, 8.5]
[721.2857793626652, 76.65286996068218, 8.5]
[721.4796988323785, 76.85542582747888, 8.5]
[721.673618302092, 77.05798169427561, 8.5]
[721.8675377718055, 77.26053756107231, 8.5]
[721.8640027130525, 77.45968795171288, 8.5]
[722.057922182766, 77.66224381850964, 8.5]
[722.2518416524794, 77.86479968530634, 8.5]
[722.4457611221928, 78.06735555210304, 8.5]
[722.6396805919062, 78.26991141889977, 8.5]
[722.8336000616197, 78.47246728569647, 8.5]
[723.0275195313332, 78.6750231524932, 8.5]
[723.2249740597995, 78.67842862864933, 8.5]
[723.4224285882658, 78.68183410480549, 8.5]
[723.6198831167322, 78.68523958096162, 8.5]
[723.8208727039515, 78.48949466647719, 8.5]
[723.626953234238, 78.28693879968048, 8.5]
[723.630488292991, 78.08778840903992, 8.5]
[723.634023351744, 77.88863801839935, 8.5]
[723.4401038820305, 77.68608215160265, 8.5]
[723.4436389407834, 77.48693176096205, 8.5]
[723.24971947107, 77.28437589416532, 8.5]
[723.2532545298229, 77.08522550352475, 8.5]
[723.0593350601094, 76.88266963672805, 8.5]
[723.0628701188624, 76.68351924608749, 8.5]
[722.8689506491489, 76.48096337929076, 8.5]
[722.8724857079019, 76.28181298865019, 8.5]
[722.6785662381884, 76.07925712185346, 8.5]
[722.484646768475, 75.87670125505673, 8.5]
[722.4881818272279, 75.67755086441616, 8.5]
[722.2942623575145, 75.47499499761946, 8.5]
[722.100342887801, 75.27243913082276, 8.5]
[722.103877946554, 75.07328874018219, 8.5]
[721.9099584768405, 74.87073287338546, 8.5]
[721.7160390071272, 74.66817700658873, 8.5]
[721.71957406588, 74.46902661594817, 8.5]
[721.5256545961666, 74.26647074915144, 8.5]
[721.3317351264532, 74.06391488235474, 8.5]
[721.1342805979868, 74.06050940619858, 8.5]
[720.9368260695204, 74.05710393004244, 8.5]
[720.7358364823011, 74.25284884452685, 8.5]
[720.5383819538348, 74.24944336837072, 8.5]
[720.3373923666155, 74.44518828285516, 8.5]
[720.143472896902, 74.24263241605843, 8.5]
[720.147007955655, 74.04348202541786, 8.5]
[720.3479975428743, 73.84773711093345, 8.5]
[720.5454520713406, 73.85114258708958, 8.5]
[720.7464416585599, 73.65539767260515, 8.5]
[720.9438961870263, 73.65880314876131, 8.5]
[720.9474312457792, 73.45965275812074, 8.5]
[720.9509663045321, 73.26050236748014, 8.5]
[720.7570468348187, 73.05794650068341, 8.5]
[720.5631273651053, 72.85539063388671, 8.5]
[720.5666624238582, 72.65624024324615, 8.5]
[720.3727429541448, 72.45368437644944, 8.5]
[720.1788234844313, 72.25112850965272, 8.5]
[719.9849040147179, 72.04857264285602, 8.5]
[719.9884390734708, 71.84942225221542, 8.5]
[719.7945196037574, 71.64686638541869, 8.5]
[719.6006001340439, 71.44431051862199, 8.5]
[719.6041351927969, 71.24516012798142, 8.5]
[719.6076702515498, 71.04600973734085, 8.5]
[719.8086598387691, 70.85026482285642, 8.5]
[720.0061143672355, 70.85367029901258, 8.5]
[719.812194897522, 70.65111443221585, 8.5]
[719.6182754278086, 70.44855856541912, 8.5]
[719.8192650150279, 70.25281365093468, 8.5]
[720.0167195434942, 70.25621912709084, 8.5]
[720.0202546022472, 70.05706873645028, 8.5]
[720.2212441894665, 69.86132382196584, 8.5]
[720.4186987179328, 69.864729298122, 8.5]
[720.6196883051521, 69.66898438363756, 8.5]
[720.8171428336184, 69.6723898597937, 8.5]
[721.0181324208378, 69.47664494530929, 8.5]
[721.2155869493041, 69.48005042146542, 8.5]
[721.4165765365234, 69.28430550698101, 8.5]
[721.6175661237427, 69.08856059249655, 8.5]
[721.818555710962, 68.89281567801214, 8.5]
[722.0160102394283, 68.89622115416827, 8.5]
[722.2169998266476, 68.70047623968387, 8.5]
[722.4179894138668, 68.50473132519943, 8.5]
[722.6189790010861, 68.308986410715, 8.5]
[722.8199685883055, 68.11324149623059, 8.5]
[723.0174231167719, 68.11664697238672, 8.5]
[723.2184127039911, 67.92090205790231, 8.5]
[723.4158672324575, 67.92430753405844, 8.5]
[723.6168568196767, 67.728562619574, 8.5]
[723.817846406896, 67.53281770508957, 8.5]
[724.0153009353625, 67.5362231812457, 8.5]
[724.2162905225817, 67.3404782667613, 8.5]
[724.4137450510481, 67.34388374291743, 8.5]
[724.6147346382674, 67.14813882843302, 8.5]
[724.8157242254866, 66.95239391394858, 8.5]
[725.0167138127059, 66.75664899946418, 8.5]
[725.2177033999252, 66.56090408497971, 8.5]
[725.4151579283916, 66.56430956113587, 8.5]
[725.6161475156109, 66.36856464665144, 8.5]
[725.8171371028302, 66.172819732167, 8.5]
[726.0181266900495, 65.97707481768259, 8.5]
[726.2191162772688, 65.78132990319816, 8.5]
[726.420105864488, 65.58558498871375, 8.5]
[726.6210954517073, 65.38984007422931, 8.5]
[726.8220850389266, 65.19409515974488, 8.5]
[727.0195395673929, 65.19750063590101, 8.5]
[727.2205291546122, 65.0017557214166, 8.5]
[727.2240642133652, 64.80260533077603, 8.5]
[727.4250538005845, 64.6068604162916, 8.5]
[727.6260433878037, 64.41111550180716, 8.5]
[727.827032975023, 64.21537058732275, 8.5]
[728.0280225622423, 64.01962567283832, 8.5]
[728.2254770907086, 64.02303114899448, 8.5]
[728.4264666779279, 63.82728623451001, 8.5]
[728.6274562651472, 63.631541320025605, 8.5]
[728.6309913239002, 63.432390929385036, 8.5]
[728.8319809111194, 63.2366460149006, 8.5]
[729.0329704983387, 63.040901100416164, 8.5]
[729.233960085558, 62.84515618593176, 8.5]
[729.4314146140244, 62.84856166208789, 8.5]
[729.4349496727773, 62.64941127144732, 8.5]
[729.6359392599966, 62.453666356962884, 8.5]
[729.8369288472159, 62.25792144247845, 8.5]
[730.0379184344351, 62.06217652799404, 8.5]
[730.2389080216544, 61.866431613509604, 8.5]
[730.4398976088737, 61.6706866990252, 8.5]
[730.6408871960931, 61.47494178454076, 8.5]
[730.644422254846, 61.27579139390019, 8.5]
[730.8454118420652, 61.08004647941573, 8.5]
[731.0464014292845, 60.88430156493132, 8.5]
[731.2473910165038, 60.688556650446884, 8.5]
[731.2509260752568, 60.489406259806316, 8.5]
[731.451915662476, 60.29366134532191, 8.5]
[731.455450721229, 60.09451095468134, 8.5]
[731.6564403084483, 59.898766040196904, 8.5]
[731.8574298956676, 59.70302112571247, 8.5]
[732.0584194828868, 59.50727621122803, 8.5]
[732.0619545416398, 59.30812582058746, 8.5]
[732.2629441288591, 59.11238090610303, 8.5]
[732.2664791876119, 58.91323051546246, 8.5]
[732.4674687748313, 58.71748560097805, 8.5]
[732.6649233032977, 58.72089107713418, 8.5]
[732.6684583620506, 58.521740686493615, 8.5]
[732.8694479492699, 58.32599577200918, 8.5]
[732.8729830080227, 58.12684538136861, 8.5]
[732.8765180667757, 57.92769499072804, 8.5]
[733.077507653995, 57.731950076243606, 8.5]
[733.2784972412143, 57.5362051617592, 8.5]
[733.2820322999672, 57.33705477111863, 8.5]
[733.4830218871865, 57.141309856634194, 8.5]
[733.4865569459394, 56.9421594659936, 8.5]
[733.6875465331588, 56.74641455150919, 8.5]
[733.6910815919116, 56.54726416086862, 8.5]
[733.8920711791309, 56.351519246384186, 8.5]
[733.8956062378838, 56.15236885574362, 8.5]
[734.0965958251031, 55.95662394125918, 8.5]
[734.1001308838561, 55.75747355061861, 8.5]
[734.103665942609, 55.558323159978016, 8.5]
[734.3046555298283, 55.36257824549361, 8.5]
[734.3081905885812, 55.16342785485304, 8.5]
[734.5091801758005, 54.967682940368604, 8.5]
[734.5127152345534, 54.768532549728036, 8.5]
[734.5162502933064, 54.56938215908747, 8.5]
[734.7172398805257, 54.37363724460306, 8.5]
[734.9182294677449, 54.177892330118596, 8.5]
[734.9217645264978, 53.97874193947803, 8.5]
[734.9252995852507, 53.77959154883746, 8.5]
[734.9288346440037, 53.58044115819689, 8.5]
[735.129824231223, 53.38469624371248, 8.5]
[735.1333592899759, 53.185545853071915, 8.5]
[735.1368943487288, 52.98639546243135, 8.5]
[735.1404294074817, 52.78724507179075, 8.5]
[735.341418994701, 52.591500157306314, 8.5]
[735.344954053454, 52.392349766665745, 8.5]
[735.5459436406733, 52.19660485218134, 8.5]
[735.5494786994262, 51.99745446154077, 8.5]
[735.5530137581791, 51.7983040709002, 8.5]
[735.556548816932, 51.59915368025963, 8.5]
[735.7575384041513, 51.40340876577517, 8.5]
[735.7610734629043, 51.2042583751346, 8.5]
[735.7646085216571, 51.00510798449403, 8.5]
[735.7681435804101, 50.80595759385346, 8.5]
[735.771678639163, 50.606807203212895, 8.5]
[735.9726682263823, 50.41106228872846, 8.5]
[735.9762032851352, 50.21191189808789, 8.5]
[735.9797383438881, 50.012761507447294, 8.5]
[735.9832734026411, 49.813611116806726, 8.5]
[736.1842629898604, 49.61786620232232, 8.5]
[736.1877980486133, 49.41871581168175, 8.5]
[736.1913331073663, 49.21956542104118, 8.5]
[736.1948681661191, 49.02041503040061, 8.5]
[736.1984032248721, 48.821264639760045, 8.5]
[736.3993928120914, 48.62551972527558, 8.5]
[736.4029278708442, 48.42636933463501, 8.5]
[736.4064629295972, 48.227218943994444, 8.5]
[736.4099979883501, 48.028068553353876, 8.5]
[736.4135330471031, 47.82891816271331, 8.5]
[736.417068105856, 47.62976777207274, 8.5]
[736.4206031646089, 47.43061738143217, 8.5]
[736.4241382233619, 47.231466990791574, 8.5]
[736.6251278105811, 47.03572207630717, 8.5]
[736.6286628693341, 46.8365716856666, 8.5]
[736.632197928087, 46.63742129502603, 8.5]
[736.6357329868399, 46.43827090438546, 8.5]
[736.6392680455929, 46.23912051374489, 8.5]
[736.6428031043457, 46.039970123104325, 8.5]
[736.6463381630987, 45.84081973246373, 8.5]
[736.6498732218516, 45.64166934182316, 8.5]
[736.6534082806045, 45.44251895118259, 8.5]
[736.6569433393574, 45.243368560542024, 8.5]
[736.6604783981104, 45.044218169901455, 8.5]
[736.8614679853297, 44.84847325541702, 8.5]
[736.8650030440826, 44.64932286477645, 8.5]
[736.8685381028356, 44.450172474135854, 8.5]
[736.8720731615884, 44.251022083495286, 8.5]
[736.8756082203414, 44.05187169285472, 8.5]
[736.8791432790944, 43.85272130221415, 8.5]
[736.8826783378472, 43.65357091157358, 8.5]
[736.8862133966002, 43.45442052093301, 8.5]
[736.8897484553531, 43.255270130292445, 8.5]
[736.893283514106, 43.05611973965185, 8.5]
[736.8968185728589, 42.85696934901128, 8.5]
[736.9003536316119, 42.65781895837071, 8.5]
[736.9038886903647, 42.45866856773014, 8.5]
[736.9074237491177, 42.259518177089575, 8.5]
[736.9109588078707, 42.06036778644901, 8.5]
[736.9144938666236, 41.86121739580844, 8.5]
[736.9180289253765, 41.66206700516784, 8.5]
[736.9215639841294, 41.46291661452727, 8.5]
[736.9250990428824, 41.263766223886705, 8.5]
[736.9286341016352, 41.06461583324614, 8.5]
[736.7347146319219, 40.862059966449436, 8.5]
[736.5372601034555, 40.858654490293276, 8.5]
[736.3433406337421, 40.656098623496575, 8.5]
[736.1458861052756, 40.652693147340415, 8.5]
[735.9484315768093, 40.64928767118428, 8.5]
[735.9448965180563, 40.84843806182485, 8.5]
[735.743906930837, 41.04418297630929, 8.5]
[735.5464524023707, 41.040777500153126, 8.5]
[735.3525329326574, 40.838221633356426, 8.5]
[735.1550784041909, 40.834816157200265, 8.5]
[734.9540888169716, 41.0305610716847, 8.5]
[734.7566342885053, 41.02715559552854, 8.5]
[734.5591797600389, 41.02375011937241, 8.5]
[734.3617252315726, 41.02034464321625, 8.5]
[734.1642707031062, 41.016939167060116, 8.5]
[733.9668161746399, 41.013533690903984, 8.5]
[733.7693616461735, 41.01012821474782, 8.5]
[733.5719071177072, 41.00672273859169, 8.5]
[733.3744525892407, 41.00331726243553, 8.5]
[733.1769980607744, 40.9999117862794, 8.5]
[732.9795435323081, 40.99650631012324, 8.5]
[732.7820890038417, 40.993100833967105, 8.5]
[732.5846344753753, 40.989695357810945, 8.5]
[732.387179946909, 40.98628988165481, 8.5]
[732.1897254184425, 40.98288440549868, 8.5]
[731.9922708899762, 40.97947892934252, 8.5]
[731.7948163615099, 40.97607345318639, 8.5]
[731.5973618330436, 40.97266797703023, 8.5]
[731.3999073045771, 40.969262500874095, 8.5]
[731.2024527761108, 40.965857024717934, 8.5]
[731.0049982476444, 40.9624515485618, 8.5]
[730.807543719178, 40.95904607240567, 8.5]
[730.6100891907117, 40.95564059624951, 8.5]
[730.4126346622454, 40.95223512009338, 8.5]
[730.215180133779, 40.948829643937216, 8.5]
[730.0177256053126, 40.945424167781084, 8.5]
[729.8202710768462, 40.942018691624924, 8.5]
[729.6228165483799, 40.93861321546879, 8.5]
[729.4253620199136, 40.93520773931263, 8.5]
[729.2279074914472, 40.9318022631565, 8.5]
[729.0304529629808, 40.928396787000366, 8.5]
[728.8365334932673, 40.72584092020364, 8.5]
[728.639078964801, 40.722435444047505, 8.5]
[728.4380893775817, 40.91818035853191, 8.5]
[728.2406348491154, 40.91477488237578, 8.5]
[728.0431803206491, 40.91136940621962, 8.5]
[727.8457257921826, 40.90796393006349, 8.5]
[727.6482712637163, 40.904558453907356, 8.5]
[727.4508167352499, 40.901152977751195, 8.5]
[727.2533622067835, 40.89774750159506, 8.5]
[727.0594427370702, 40.695191634798334, 8.5]
[726.8619882086037, 40.6917861586422, 8.5]
[726.6609986213845, 40.88753107312661, 8.5]
[726.4635440929181, 40.88412559697048, 8.5]
[726.2660895644517, 40.88072012081432, 8.5]
[726.0686350359854, 40.877314644658185, 8.5]
[725.8711805075191, 40.87390916850205, 8.5]
[725.6737259790527, 40.87050369234589, 8.5]
[725.4798065093393, 40.66794782554919, 8.5]
[725.27881692212, 40.8636927400336, 8.5]
[725.0813623936535, 40.86028726387747, 8.5]
[724.8874429239402, 40.65773139708074, 8.5]
[724.6899883954738, 40.654325920924606, 8.5]
[724.4889988082546, 40.850070835409014, 8.5]
[724.2915442797881, 40.84666535925288, 8.5]
[724.0976248100746, 40.64410949245618, 8.5]
[723.8966352228554, 40.83985440694059, 8.5]
[723.699180694389, 40.83644893078446, 8.5]
[723.5017261659227, 40.833043454628296, 8.5]
[723.3042716374564, 40.829637978472164, 8.5]
[723.10681710899, 40.826232502316, 8.5]
[722.9093625805236, 40.82282702615987, 8.5]
[722.7119080520572, 40.81942155000374, 8.5]
[722.5144535235909, 40.81601607384758, 8.5]
[722.3169989951245, 40.812610597691446, 8.5]
[722.1195444666582, 40.809205121535285, 8.5]
[721.9220899381918, 40.80579964537915, 8.5]
[721.7246354097255, 40.80239416922299, 8.5]
[721.527180881259, 40.79898869306686, 8.5]
[721.3297263527927, 40.7955832169107, 8.5]
[721.1322718243264, 40.79217774075457, 8.5]
[720.9348172958601, 40.788772264598435, 8.5]
[720.7338277086407, 40.98451717908284, 8.5]
[720.5363731801743, 40.98111170292671, 8.5]
[720.3424537104609, 40.77855583612998, 8.5]
[720.1449991819945, 40.77515035997385, 8.5]
[719.9475446535282, 40.77174488381769, 8.5]
[719.7500901250619, 40.76833940766156, 8.5]
[719.5491005378425, 40.96408432214599, 8.5]
[719.3551810681291, 40.761528455349264, 8.5]
[719.1577265396627, 40.75812297919313, 8.5]
[718.9602720111964, 40.75471750303697, 8.5]
[718.76281748273, 40.75131202688084, 8.5]
[718.5653629542637, 40.74790655072468, 8.5]
[718.3679084257973, 40.74450107456855, 8.5]
[718.170453897331, 40.741095598412386, 8.5]
[717.9765344276175, 40.538539731615685, 8.5]
[717.7790798991512, 40.53513425545955, 8.5]
[717.5780903119319, 40.73087916994396, 8.5]
[717.3806357834656, 40.72747369378783, 8.5]
[717.1831812549991, 40.72406821763167, 8.5]
[716.9857267265328, 40.720662741475536, 8.5]
[716.7882721980664, 40.717257265319375, 8.5]
[716.5908176696, 40.71385178916324, 8.5]
[716.3933631411337, 40.71044631300708, 8.5]
[716.1959086126674, 40.70704083685095, 8.5]
[715.998454084201, 40.70363536069482, 8.5]
[715.8009995557346, 40.70022988453866, 8.5]
[715.6035450272682, 40.696824408382525, 8.5]
[715.4060904988019, 40.693418932226365, 8.5]
[715.2086359703355, 40.69001345607023, 8.5]
[715.0111814418692, 40.68660797991407, 8.5]
[714.8137269134028, 40.68320250375794, 8.5]
[714.6162723849365, 40.67979702760181, 8.5]
[714.41881785647, 40.67639155144565, 8.5]
[714.2178282692507, 40.87213646593008, 8.5]
[714.0203737407844, 40.86873098977392, 8.5]
[713.826454271071, 40.66617512297722, 8.5]
[713.6289997426046, 40.66276964682106, 8.5]
[713.4280101553853, 40.8585145613055, 8.5]
[713.230555626919, 40.85510908514934, 8.5]
[713.0366361572055, 40.65255321835264, 8.5]
[712.8391816287392, 40.649147742196504, 8.5]
[712.6381920415199, 40.84489265668091, 8.5]
[712.4407375130535, 40.84148718052478, 8.5]
[712.2432829845872, 40.83808170436862, 8.5]
[712.0493635148737, 40.63552583757192, 8.5]
[711.8483739276544, 40.83127075205633, 8.5]
[711.6509193991881, 40.827865275900194, 8.5]
[711.4534648707217, 40.824459799744034, 8.5]
[711.2595454010083, 40.62190393294733, 8.5]
[711.062090872542, 40.6184984567912, 8.5]
[710.8646363440755, 40.61509298063504, 8.5]
[710.6671818156092, 40.61168750447891, 8.5]
[710.4697272871429, 40.60828202832275, 8.5]
[710.2722727586765, 40.604876552166616, 8.5]
[710.0748182302101, 40.601471076010455, 8.5]
[709.8773637017438, 40.59806559985432, 8.5]
[709.6763741145245, 40.79381051433876, 8.5]
[709.478919586058, 40.7904050381826, 8.5]
[709.2814650575917, 40.786999562026466, 8.5]
[709.0840105291254, 40.783594085870305, 8.5]
[708.8900910594119, 40.581038219073605, 8.5]
[708.6891014721926, 40.77678313355801, 8.5]
[708.4916469437263, 40.77337765740188, 8.5]
[708.2941924152599, 40.76997218124572, 8.5]
[708.1002729455465, 40.56741631444902, 8.5]
[707.9028184170802, 40.56401083829289, 8.5]
[707.7018288298608, 40.759755752777295, 8.5]
[707.5043743013945, 40.75635027662116, 8.5]
[707.3069197729282, 40.752944800465, 8.5]
[707.1094652444617, 40.74953932430887, 8.5]
[706.9155457747484, 40.54698345751214, 8.5]
[706.7216263050349, 40.34442759071544, 8.5]
[706.5206367178156, 40.54017250519988, 8.5]
[706.3196471305963, 40.735917419684284, 8.5]
[706.12219260213, 40.73251194352815, 8.5]
[705.9247380736635, 40.72910646737199, 8.5]
[705.7272835451972, 40.72570099121586, 8.5]
[705.5298290167309, 40.7222955150597, 8.5]
[705.3323744882645, 40.71889003890357, 8.5]
[705.1349199597981, 40.715484562747406, 8.5]
[704.9374654313318, 40.712079086591274, 8.5]
[704.7400109028654, 40.70867361043514, 8.5]
[704.542556374399, 40.70526813427898, 8.5]
[704.3451018459327, 40.70186265812285, 8.5]
[704.1476473174663, 40.69845718196669, 8.5]
[703.950192789, 40.695051705810556, 8.5]
[703.7527382605336, 40.691646229654395, 8.5]
[703.5552837320672, 40.68824075349826, 8.5]
[703.3578292036009, 40.6848352773421, 8.5]
[703.1639097338875, 40.4822794105454, 8.5]
[702.9629201466681, 40.67802432502984, 8.5]
[702.7654656182018, 40.67461884887368, 8.5]
[702.5680110897355, 40.671213372717546, 8.5]
[702.370556561269, 40.667807896561385, 8.5]
[702.1731020328027, 40.66440242040525, 8.5]
[701.9756475043364, 40.66099694424909, 8.5]
[701.77819297587, 40.65759146809296, 8.5]
[701.5842735061566, 40.45503560129626, 8.5]
[701.3868189776902, 40.4516301251401, 8.5]
[701.1893644492238, 40.44822464898397, 8.5]
[700.9883748620045, 40.643969563468374, 8.5]
[700.7909203335382, 40.64056408731224, 8.5]
[700.5934658050718, 40.63715861115608, 8.5]
[700.3960112766055, 40.63375313499995, 8.5]
[700.1985567481391, 40.63034765884379, 8.5]
[700.0011022196727, 40.62694218268766, 8.5]
[699.8036476912064, 40.623536706531524, 8.5]
[699.60619316274, 40.620131230375364, 8.5]
[699.4087386342736, 40.61672575421923, 8.5]
[699.2112841058073, 40.61332027806307, 8.5]
[699.013829577341, 40.60991480190694, 8.5]
[698.8163750488745, 40.60650932575078, 8.5]
[698.6153854616553, 40.802254240235214, 8.5]
[698.4179309331889, 40.79884876407908, 8.5]
[698.2240114634754, 40.59629289728235, 8.5]
[698.0265569350091, 40.59288742112622, 8.5]
[697.8291024065428, 40.58948194497006, 8.5]
[697.6316478780764, 40.58607646881393, 8.5]
[697.43419334961, 40.58267099265777, 8.5]
[697.2367388211437, 40.579265516501636, 8.5]
[697.0392842926773, 40.575860040345475, 8.5]
[696.841829764211, 40.57245456418934, 8.5]
[696.6443752357446, 40.56904908803321, 8.5]
[696.4469207072782, 40.56564361187705, 8.5]
[696.2494661788119, 40.56223813572092, 8.5]
[696.0520116503455, 40.55883265956476, 8.5]
[695.8545571218791, 40.555427183408625, 8.5]
[695.6571025934128, 40.552021707252464, 8.5]
[695.4596480649465, 40.54861623109633, 8.5]
[695.26219353648, 40.54521075494017, 8.5]
[695.0647390080137, 40.54180527878404, 8.5]
[694.8672844795474, 40.53839980262791, 8.5]
[694.6698299510809, 40.53499432647175, 8.5]
[694.4723754226146, 40.531588850315615, 8.5]
[694.2749208941483, 40.528183374159454, 8.5]
[694.0774663656819, 40.52477789800332, 8.5]
[693.8835468959685, 40.32222203120659, 8.5]
[693.6825573087492, 40.51796694569103, 8.5]
[693.4851027802828, 40.5145614695349, 8.5]
[693.2876482518164, 40.511155993378736, 8.5]
[693.0901937233501, 40.507750517222604, 8.5]
[692.8927391948837, 40.50434504106644, 8.5]
[692.6952846664174, 40.50093956491031, 8.5]
[692.497830137951, 40.49753408875415, 8.5]
[692.3003756094846, 40.49412861259802, 8.5]
[692.1029210810183, 40.49072313644186, 8.5]
[691.905466552552, 40.487317660285726, 8.5]
[691.7080120240855, 40.48391218412959, 8.5]
[691.5105574956192, 40.48050670797343, 8.5]
[691.3131029671529, 40.4771012318173, 8.5]
[691.1156484386864, 40.47369575566114, 8.5]
[690.9181939102201, 40.47029027950501, 8.5]
[690.7172043230008, 40.666035193989416, 8.5]
[690.5197497945345, 40.66262971783328, 8.5]
[690.3222952660681, 40.65922424167715, 8.5]
[690.1283757963547, 40.45666837488042, 8.5]
[689.9309212678883, 40.45326289872429, 8.5]
[689.7334667394219, 40.44985742256813, 8.5]
[689.5360122109556, 40.446451946412, 8.5]
[689.3385576824892, 40.44304647025584, 8.5]
[689.1411031540229, 40.439640994099705, 8.5]
[688.9436486255565, 40.436235517943544, 8.5]
[688.7461940970901, 40.43283004178741, 8.5]
[688.5487395686238, 40.42942456563128, 8.5]
[688.3512850401574, 40.42601908947512, 8.5]
[688.153830511691, 40.42261361331899, 8.5]
[687.9563759832247, 40.419208137162826, 8.5]
[687.7589214547584, 40.415802661006694, 8.5]
[687.5579318675391, 40.6115475754911, 8.5]
[687.3604773390726, 40.60814209933497, 8.5]
[687.1630228106063, 40.60473662317881, 8.5]
[686.9691033408928, 40.40218075638211, 8.5]
[686.7716488124265, 40.398775280225976, 8.5]
[686.5741942839602, 40.395369804069816, 8.5]
[686.3767397554938, 40.39196432791368, 8.5]
[686.1792852270274, 40.38855885175752, 8.5]
[685.9818306985611, 40.38515337560139, 8.5]
[685.7843761700947, 40.38174789944523, 8.5]
[685.5869216416284, 40.3783424232891, 8.5]
[685.389467113162, 40.374936947132966, 8.5]
[685.1920125846956, 40.371531470976805, 8.5]
[684.9945580562293, 40.36812599482067, 8.5]
[684.7971035277629, 40.36472051866451, 8.5]
[684.5996489992965, 40.36131504250838, 8.5]
[684.3986594120772, 40.55705995699279, 8.5]
[684.2012048836109, 40.553654480836656, 8.5]
[684.0037503551446, 40.550249004680495, 8.5]
[683.8062958266781, 40.54684352852436, 8.5]
[683.6088412982118, 40.54343805236823, 8.5]
[683.4113867697455, 40.54003257621207, 8.5]
[683.213932241279, 40.53662710005594, 8.5]
[683.0164777128127, 40.53322162389978, 8.5]
[682.8190231843464, 40.529816147743645, 8.5]
[682.62156865588, 40.526410671587485, 8.5]
[682.4241141274136, 40.52300519543135, 8.5]
[682.2266595989473, 40.51959971927522, 8.5]
[682.0292050704809, 40.51619424311906, 8.5]
[681.8317505420146, 40.51278876696293, 8.5]
[681.6342960135482, 40.50938329080677, 8.5]
[681.4368414850818, 40.505977814650635, 8.5]
[681.2393869566155, 40.502572338494474, 8.5]
[681.0419324281492, 40.49916686233834, 8.5]
[680.8444778996827, 40.49576138618218, 8.5]
[680.6470233712164, 40.49235591002605, 8.5]
[680.4495688427501, 40.48895043386992, 8.5]
[680.2521143142836, 40.485544957713756, 8.5]
[680.0546597858173, 40.482139481557624, 8.5]
[679.853670198598, 40.67788439604203, 8.5]
[679.6526806113787, 40.873629310526496, 8.5]
[679.4552260829124, 40.870223834370336, 8.5]
[679.257771554446, 40.8668183582142, 8.5]
[679.2542364956931, 41.06596874885477, 8.5]
[679.0532469084739, 41.26171366333918, 8.5]
[679.0497118497209, 41.46086405397975, 8.5]
[679.0461767909679, 41.660014444620316, 8.5]
[679.042641732215, 41.859164835260884, 8.5]
[679.0391066734621, 42.05831522590145, 8.5]
[679.0355716147092, 42.25746561654205, 8.5]
[679.0320365559562, 42.45661600718262, 8.5]
[679.0285014972034, 42.655766397823186, 8.5]
[679.0249664384504, 42.854916788463754, 8.5]
[679.0214313796974, 43.05406717910432, 8.5]
[679.0178963209446, 43.25321756974489, 8.5]
[669.6839200206456, 290.9111666227133, 8.5]
[667.134712717477, 211.97950240592377, 8.5]
