5 0 44.58 0.16455873320463604
5 1 54.57 0.1465290960617396
5 2 36.32 0.12314062526821747
5 3 32.25 0.1424604217596261
5 4 37.84 0.04800874037460264
5 5 28.02 0.3589846089417088
5 6 30.57 156.6330977847693
5 0 46.04 0.19176229044551846
5 1 44.83 0.14743998796159735
5 2 39.05 0.15951998393243155
5 3 40.03 0.15781206069525414
5 4 31.1 0.04359439514121275
5 5 28.54 0.28506110676197194
5 6 32.6 156.7661112357402
5 0 40.47 0.1934447591065777
5 1 38.93 0.13399130858523262
5 2 40.88 0.15803491720234913
5 3 30.53 0.1689778470468743
5 4 34.13 0.04885844344910801
5 5 30.85 0.28969691246276896
5 6 24.16 184.37872079539957
5 0 41.42 0.21282303565880994
5 1 44.74 0.14140544222648582
5 2 30.57 0.11998142505877432
5 3 31.58 0.14261460566988765
5 4 32.85 0.0502779569502171
5 5 30.18 0.3188785707858295
5 6 34.39 156.73352472381265
5 0 42.66 0.1819476225142269
5 1 37.35 0.13217604738033117
5 2 41.36 0.15817759835113876
5 3 34.39 0.1507188153572634
5 4 34.13 0.05138694358277397
5 5 27.18 0.32926346906984955
5 6 28.25 184.34301832023039
5 0 47.23 0.23836071904691863
5 1 49.46 0.19659856745769685
5 2 32.77 0.16745817454635636
5 3 32.22 0.16880045066718646
5 4 27.66 0.04561426420331561
5 5 25.55 0.304822897541674
5 6 27.62 156.6922356845153
5 0 51.41 0.1848056822542193
5 1 42.7 0.1350076438690318
5 2 35.49 0.12119638668092107
5 3 32.55 0.15049410979971167
5 4 28.17 0.04727481914284646
5 5 28.13 0.2806824543892256
5 6 31.03 156.7143917525937
5 0 41.85 0.18877885495584917
5 1 49.45 0.13762723236858407
5 2 36.38 0.14440720366409793
5 3 34.34 0.13366410183903107
5 4 31.37 0.050829763718918404
5 5 29.54 0.3382009948642504
5 6 29.14 156.72374412317527
5 0 44.29 0.19105831173169807
5 1 37.04 0.1614565254186157
5 2 33.09 0.1212099123110821
5 3 33.65 0.14377250931548494
5 4 31.03 0.04389581357893043
5 5 34.57 0.2933742157151413
5 6 27.22 184.17850707704477
5 0 38.84 0.17929907779017157
5 1 39.38 0.15383381792920722
5 2 34.71 0.1150649207575305
5 3 38.35 0.15400026983185167
5 4 38.7 0.05084814172562637
5 5 29.88 0.3509803324670575
5 6 26.89 184.329262383363